test_index,y_pred
26.0,0.0019230562029406428
39.0,0.003304354613646865
41.0,0.0018257274059578776
48.0,-0.0014742239145562053
51.0,0.0010972031159326434
56.0,0.0031954289879649878
61.0,-0.0008680539904162288
65.0,0.0005603459430858493
68.0,0.00255307974293828
69.0,0.0023350678384304047
70.0,-0.0016232014168053865
73.0,0.0048098135739564896
79.0,-0.001437072060070932
87.0,-0.0013992588501423597
91.0,0.0016199351521208882
100.0,0.0010074166348204017
102.0,-0.00028274720534682274
104.0,0.0023565597366541624
118.0,0.0006410676287487149
121.0,-0.0014668060466647148
151.0,-0.003857819363474846
164.0,0.0034527427051216364
167.0,0.0025468948297202587
172.0,0.0024185688234865665
176.0,-0.0030655041337013245
177.0,-0.0003753209311980754
179.0,-0.0027006124146282673
181.0,0.0015201644273474813
188.0,-0.001164223300293088
196.0,0.001211207709275186
214.0,0.002445825142785907
218.0,-0.004405990708619356
228.0,0.002031524432823062
230.0,0.0018338040681555867
257.0,0.0014941764529794455
288.0,-0.00496447179466486
300.0,0.002435098635032773
308.0,-0.0020313921850174665
323.0,-0.0020397822372615337
326.0,-0.0026769142132252455
328.0,-0.00015703072131145746
332.0,-0.0022514050360769033
354.0,0.001312248408794403
397.0,0.0031924692448228598
401.0,0.0006993396673351526
402.0,-0.0014953101053833961
415.0,-0.0033637788146734238
425.0,-0.0024502635933458805
433.0,0.0009797492530196905
435.0,-0.00022728442854713649
437.0,0.0012809108011424541
445.0,0.0016116558108478785
468.0,-0.0019267317838966846
469.0,-0.0016084667295217514
471.0,-0.00042376542114652693
472.0,0.002911230316385627
473.0,-0.0020139915868639946
476.0,0.0006486864876933396
477.0,-0.0005371091538108885
486.0,0.0030782828107476234
491.0,0.0017002216773107648
495.0,0.00277627888135612
503.0,-0.0009313297923654318
524.0,0.0010095196776092052
528.0,-0.001186099019832909
530.0,0.0022797363344579935
533.0,-0.0020352224819362164
534.0,-0.00039850303437560797
535.0,-0.0016924921656027436
544.0,0.0010396370198577642
547.0,-0.0011086302110925317
551.0,0.0010853183921426535
573.0,0.001093335566110909
585.0,0.004471972584724426
633.0,-0.001641817158088088
641.0,0.00016819055599626154
642.0,-0.0011510996846482158
654.0,-0.003108002943918109
665.0,-0.0025538355112075806
678.0,0.0015032978262752295
693.0,0.0016374827828258276
694.0,-0.002284472342580557
706.0,0.0031859464943408966
737.0,-0.0031028357334434986
740.0,-0.0017965876031666994
744.0,-0.0015803460264578462
750.0,-0.0034370478242635727
751.0,0.0032766603399068117
753.0,-0.0021840238478034735
759.0,0.0036823845002800226
773.0,-0.001721821492537856
786.0,-0.0006813664804212749
800.0,-0.0027488714549690485
801.0,-0.0017267139628529549
805.0,-0.0018426143797114491
815.0,0.0031218405347317457
834.0,-0.0007477499893866479
835.0,0.0015435342211276293
865.0,-0.0014050538884475827
868.0,0.00142959866207093
877.0,0.0015453081578016281
881.0,-0.002321138046681881
957.0,0.0018272375455126166
981.0,-0.0017483035335317254
982.0,0.001019379822537303
996.0,0.003768293187022209
997.0,0.0038218831177800894
1025.0,-0.00030827621230855584
1027.0,0.0017844110261648893
1039.0,0.00034025972126983106
1041.0,-0.0013002968626096845
1042.0,-0.0010689441114664078
1053.0,-0.0024355899076908827
1061.0,0.0020166966132819653
1074.0,1.7205269614350982e-05
1075.0,0.0027269755955785513
1108.0,0.0014039508532732725
1128.0,-0.00110571866389364
1139.0,-0.004428624641150236
1152.0,-0.0014255483401939273
1157.0,0.0009841207647696137
1163.0,0.0017637948039919138
1166.0,-0.0007054226589389145
1168.0,0.0014020060189068317
1172.0,0.00043757984531112015
1176.0,0.002410976681858301
1193.0,0.0002535429666750133
1201.0,-0.0016091924626380205
1203.0,0.002425726968795061
1219.0,0.0016520005883648992
1221.0,-0.0026505528949201107
1233.0,0.0008521968265995383
1242.0,0.0016742376610636711
1244.0,-0.0022114343009889126
1254.0,0.0013412655098363757
1278.0,-5.815688200527802e-05
1281.0,0.00313455518335104
1282.0,-0.004226281773298979
1302.0,-0.0017270958051085472
1317.0,-0.0023677260614931583
1320.0,-0.0025375382974743843
1329.0,0.0019803105387836695
1334.0,-0.002184859709814191
1345.0,-0.00506561016663909
1359.0,-0.00045854903873987496
1374.0,0.004192964639514685
1385.0,-0.00023042349494062364
1396.0,0.0003199013590347022
1405.0,0.0006226906552910805
1407.0,0.003192648058757186
1420.0,0.0002744603552855551
1421.0,-0.0009009005152620375
1427.0,0.002416382310912013
1434.0,0.0021523600444197655
1437.0,0.0014866283163428307
1454.0,-0.0006604450172744691
1465.0,-0.0017108669271692634
1467.0,-0.002264895010739565
1480.0,0.0007628203020431101
1487.0,-0.0002461159019730985
1491.0,0.006429826840758324
1502.0,0.001332010142505169
1509.0,-0.0012180680641904473
1532.0,0.00010388960799900815
1533.0,-0.003148322459310293
1535.0,-0.0015697346534579992
1545.0,0.0004017864994239062
1566.0,0.0016348501667380333
1570.0,-0.0029883570969104767
1586.0,0.0002750116400420666
1598.0,0.0004062059451825917
1643.0,-0.001589746680110693
1656.0,0.0024907600600272417
1659.0,-0.001267956686206162
1680.0,-0.002282622968778014
1701.0,0.001898881164379418
1703.0,-0.0020812563598155975
1720.0,0.0006289189332164824
1729.0,-0.0027376171201467514
1738.0,0.0017245884519070387
1743.0,-0.0021201814524829388
1744.0,9.74005160969682e-05
1746.0,0.002613315125927329
1777.0,0.0036461176350712776
1820.0,-0.0015418556286022067
1832.0,-0.0016490684356540442
1839.0,3.927157376892865e-05
1844.0,0.0010331530356779695
1858.0,-0.00246437662281096
1860.0,0.001744784414768219
1867.0,-0.0018682082882151008
1870.0,0.0012550409883260727
1877.0,0.0020300354808568954
1897.0,-0.0019134979229420424
1905.0,0.006372623145580292
1916.0,0.001704855472780764
1922.0,0.002665980951860547
1926.0,-0.0011737229069694877
1928.0,-0.0020943291019648314
1952.0,-0.0018234653398394585
1971.0,-0.0008594280225224793
1978.0,-0.002933247247710824
1984.0,0.001552336965687573
1992.0,0.00039076441316865385
1995.0,0.0012786186998710036
2006.0,0.0009996412554755807
2022.0,0.0015864508459344506
2034.0,-0.0009362978162243962
2058.0,-0.001760167651809752
2063.0,0.00214522797614336
2075.0,0.0015801567351445556
2084.0,0.0017408969579264522
2087.0,-0.0021743522956967354
2089.0,0.0017284394707530737
2121.0,0.0008840271621011198
2131.0,0.0018523186445236206
2142.0,-0.0020640105940401554
2154.0,0.001880465541034937
2165.0,0.0005910309264436364
2166.0,-0.0022458131425082684
2173.0,-0.0009805670706555247
2177.0,-0.0012445800239220262
2189.0,-0.001475077006034553
2223.0,-0.0006997743039391935
2233.0,-0.001992226345464587
2234.0,-0.0011193298269063234
2246.0,0.0003740791289601475
2266.0,-0.0007019243203103542
2276.0,0.0009630283457227051
2312.0,8.342462388100103e-05
2316.0,0.0021614304278045893
2321.0,-0.0011346946703270078
2333.0,0.0018751210300251842
2351.0,0.002426433376967907
2354.0,0.0008437703945674002
2399.0,0.0012094945413991809
2404.0,-0.0025244858115911484
2412.0,-0.0024733387399464846
2449.0,0.00048462898121215403
2478.0,0.0014504980063065886
2481.0,-0.0007951530860736966
2483.0,-0.0006880884175188839
2484.0,0.0017642902676016092
2492.0,-0.0017734806751832366
2499.0,-0.0024469662457704544
2508.0,-0.002629994647577405
2510.0,-0.0026489957235753536
2513.0,-0.0023622559383511543
2517.0,-0.00228427117690444
2518.0,-0.0009479179861955345
2521.0,-0.0025649238377809525
2522.0,-0.0012448063353076577
2526.0,0.0008583298185840249
2548.0,0.0020455648191273212
2569.0,0.0010281698778271675
2579.0,-0.0005771333235315979
2582.0,-0.0024903544690459967
2602.0,-0.0017260938184335828
2619.0,0.0022699814289808273
2626.0,0.001026606885716319
2627.0,0.0009943515760824084
2641.0,0.005246296990662813
2651.0,-0.001256232731975615
2682.0,-0.0025807989295572042
2689.0,0.000713346351403743
2692.0,0.001438117935322225
2697.0,-0.0025677019730210304
2706.0,0.0008310619741678238
2724.0,-0.0015218175249174237
2729.0,-0.0018982869805768132
2754.0,0.0028234997298568487
2762.0,0.0017611621879041195
2777.0,0.002078552730381489
2820.0,-0.002911228220909834
2833.0,-0.0012334855273365974
2836.0,-0.0017286880174651742
2846.0,-0.00173686642665416
2858.0,-0.0021728333085775375
2859.0,0.0026040044613182545
2865.0,0.0005950705381110311
2867.0,-0.0040732817724347115
2870.0,-0.0017770557897165418
2882.0,0.0011506808223202825
2894.0,-0.003135260194540024
2905.0,-0.0009606608655303717
2906.0,0.0031924692448228598
2908.0,-0.0024505825713276863
2921.0,0.0024573595728725195
2922.0,-0.0004895986057817936
2954.0,0.0009080629679374397
2960.0,-0.0023748064413666725
2973.0,-0.0010595102794468403
2982.0,0.0006801618146710098
3001.0,-0.000660621328279376
3007.0,0.0018515781266614795
3014.0,4.5721171773038805e-05
3017.0,-0.0013762001181021333
3018.0,-0.0018606696976348758
3027.0,-0.0035655598621815443
3031.0,0.0020234070252627134
3033.0,0.002291930839419365
3043.0,-0.002071160590276122
3057.0,-0.001464762375690043
3060.0,0.002806831616908312
3063.0,-0.0005455633508972824
3070.0,0.001887210994027555
3071.0,0.0010617062216624618
3077.0,-0.0027563779149204493
3078.0,0.002483247546479106
3079.0,0.002148566534742713
3100.0,-0.0003226612170692533
3105.0,0.0047382572665810585
3106.0,-0.0026651856023818254
3118.0,0.0013833908597007394
3123.0,0.0021419357508420944
3126.0,-0.0018545096972957253
3132.0,-0.002234857529401779
3149.0,0.003238588571548462
3151.0,0.0033444075379520655
3160.0,0.003001982579007745
3166.0,0.0017619330901652575
3172.0,0.005667948629707098
3184.0,-0.0016225137514993548
3205.0,-0.00261065480299294
3209.0,0.001946559059433639
3248.0,0.0009013600065372884
3280.0,0.0007456825696863234
3282.0,-0.0019932701252400875
3298.0,-0.00383687112480402
3305.0,-0.0011232909746468067
3309.0,0.0022699928376823664
3314.0,-0.0026958377566188574
3319.0,0.0022063679061830044
3352.0,-0.0016350209480151534
3355.0,0.0013483588118106127
3370.0,-0.001770352479070425
3378.0,-0.0033140818122774363
3396.0,-0.001304212724789977
3410.0,0.0026266935747116804
3418.0,-0.0020868757274001837
3429.0,-0.0031254852656275034
3434.0,0.00010582440881989896
3443.0,-0.0021791381295770407
3455.0,-0.002160572912544012
3458.0,-0.0004731541848741472
3467.0,0.00027269363636150956
3481.0,0.004152704495936632
3519.0,0.003963591065257788
3522.0,-0.0027534484397619963
3527.0,0.00015715225890744478
3528.0,-0.002444770187139511
3532.0,0.006657557561993599
3533.0,-0.003500071121379733
3542.0,0.0017439601942896843
3544.0,-0.0004545519477687776
3555.0,0.005159068387001753
3567.0,-0.0026958377566188574
3573.0,-0.0034846856724470854
3577.0,0.004184392746537924
3578.0,0.0022595354821532965
3590.0,-0.0013818786246702075
3615.0,-0.0013576899655163288
3616.0,0.001980956643819809
3620.0,-0.0043640583753585815
3643.0,0.0002354564203415066
3646.0,0.0016231061890721321
3651.0,0.000535679399035871
3661.0,-0.0012695236364379525
3680.0,0.0013565090484917164
3684.0,0.005861371289938688
3685.0,-0.0021327079739421606
3688.0,0.0014302461640909314
3704.0,-0.0022317017428576946
3715.0,-0.0017595248064026237
3723.0,-0.0025714372750371695
3739.0,0.003756885649636388
3746.0,0.004571282770484686
3755.0,-0.002467359881848097
3761.0,-0.003595985472202301
3767.0,-0.0016511313151568174
3771.0,0.0013092881999909878
3813.0,0.0017685330240055919
3834.0,0.003883020021021366
3842.0,0.0019788246136158705
3855.0,-0.001583073171786964
3859.0,-0.0025113942101597786
3861.0,0.0025401462335139513
3862.0,0.0009013990056701005
3884.0,0.0031275011133402586
3885.0,0.0009126408258453012
3902.0,-0.0009815816301852465
3905.0,-0.0029045057017356157
3937.0,0.001882564160041511
3949.0,0.0017767028184607625
3956.0,-0.0017758170142769814
3960.0,-0.002163694938644767
3964.0,0.002689962973818183
3997.0,0.0027039838023483753
4022.0,-0.0011940497206524014
4028.0,0.0009809060720726848
4031.0,-0.002806279342621565
4032.0,-7.754674152238294e-05
4046.0,0.00229456159286201
4047.0,0.0014523706631734967
4050.0,0.00265981606207788
4071.0,0.002074245596304536
4077.0,-0.0016371319070458412
4091.0,-0.00034533863072283566
4092.0,0.0005419757799245417
4098.0,-0.003178966697305441
4100.0,-0.0009591183043085039
4102.0,0.0008854350307956338
4122.0,0.0018777410732582211
4128.0,-0.003028469393029809
4156.0,0.00012204368249513209
4190.0,-0.0023893199395388365
4194.0,-0.0019090777495875955
4202.0,0.0015793608035892248
4210.0,-0.0012628866825252771
4216.0,-0.0021078793797641993
4222.0,-0.0024186805821955204
4226.0,0.001729161711409688
4248.0,0.0015756044303998351
4262.0,-0.0018340180395171046
4269.0,-0.0014207299100235105
4304.0,-0.002121624769642949
4306.0,-0.001952295540831983
4335.0,0.0014851882588118315
4338.0,0.00037923362106084824
4353.0,-0.0011615889379754663
4354.0,0.00033290579449385405
4362.0,-0.0016278988914564252
4375.0,-0.0024122365284711123
4379.0,0.0027137950528413057
4412.0,0.0011590244248509407
4421.0,0.0020953072234988213
4441.0,-0.0022601517848670483
4453.0,0.0022600358352065086
4466.0,-0.0022430168464779854
4467.0,0.0012110373936593533
4471.0,0.0018902019364759326
4475.0,-0.0017662777099758387
4477.0,0.0014151375507935882
4480.0,0.001908942125737667
4503.0,0.001066117431037128
4511.0,-0.0023808388505131006
4527.0,0.0009141158079728484
4533.0,-0.0019123810343444347
4537.0,0.001868294202722609
4574.0,0.0018550979439169168
4581.0,-0.0008316462044604123
4586.0,-0.0032586820889264345
4607.0,-0.0014603838790208101
4613.0,-0.0009125653305090964
4629.0,-0.0005242715124040842
4638.0,-0.0016357112908735871
4640.0,-0.0003122665802948177
4651.0,-0.0011588168563321233
4661.0,-0.0012539085000753403
4684.0,-0.000139799463795498
4692.0,-0.003642554394900799
4698.0,0.0008101878920570016
4701.0,0.0009419801644980907
4706.0,0.002630629576742649
4716.0,-0.00015796358638908714
4718.0,-0.0008175600087270141
4722.0,0.002234721090644598
4740.0,0.0017302336636930704
4749.0,0.001736746751703322
4750.0,0.006409871391952038
4759.0,-0.0021911957301199436
4786.0,-0.001525443745777011
4802.0,0.0018458918202668428
4803.0,0.0023376254830509424
4808.0,0.0005800880026072264
4832.0,-0.0028006418142467737
4843.0,-0.0020458297803997993
4845.0,0.0033565382473170757
4868.0,-0.0017161366995424032
4870.0,3.104254210484214e-05
4879.0,-0.0009722356917336583
4881.0,-0.0008233807748183608
4894.0,0.0017709614476189017
4898.0,0.0010958777274936438
4906.0,0.0022121546790003777
4913.0,0.001015329034999013
4920.0,-0.0006512639229185879
4932.0,0.00418466329574585
4960.0,-0.0013010910479351878
4963.0,-0.00013924611266702414
4965.0,-0.002688068663701415
4977.0,0.0034887229558080435
4995.0,-0.0010288397315889597
4996.0,-0.0014044219860807061
5007.0,0.00230614747852087
5009.0,0.0011645806953310966
5012.0,-0.0012535533169284463
5020.0,0.0025459714233875275
5028.0,0.0011286628432571888
5060.0,-0.001602574368007481
5064.0,0.006427112966775894
5092.0,-0.0012677776394411922
5097.0,-0.0016350203659385443
5103.0,-0.002939020749181509
5107.0,0.0014300941256806254
5111.0,-0.001546916551887989
5114.0,0.0008239767048507929
5129.0,0.0020313095301389694
5138.0,-0.0010723520535975695
5144.0,0.002079837257042527
5148.0,0.0011926173465326428
5165.0,-0.001391507452353835
5167.0,-0.0017121202545240521
5168.0,0.0025041040498763323
5170.0,-0.00026038361829705536
5204.0,0.000502603652421385
5210.0,0.001859325566329062
5211.0,0.0004948715213686228
5221.0,0.0013274874072521925
5235.0,-0.0013331311056390405
5253.0,-0.001787925255484879
5255.0,-2.693661917874124e-05
5257.0,0.0007740324945189059
5282.0,0.0007146120769903064
5283.0,0.001889540464617312
5284.0,0.002463605720549822
5288.0,-0.0016382647445425391
5290.0,-0.002702682977542281
5294.0,0.001675554784014821
5296.0,0.0026748382952064276
5300.0,0.001370575395412743
5306.0,-0.00252849911339581
5312.0,0.0016328775091096759
5318.0,0.0011209581280127168
5323.0,0.0018146325601264834
5327.0,-0.0015507378848269582
5333.0,0.0006286342395469546
5340.0,0.001618513953872025
5353.0,0.0006191112333908677
5361.0,-0.0015811474295333028
5377.0,0.0015435342211276293
5379.0,0.0014032713370397687
5386.0,0.004764573648571968
5388.0,-0.0004373787669464946
5405.0,-0.0022029022220522165
5414.0,0.0027220386546105146
5425.0,-0.0020298531744629145
5426.0,0.008023304864764214
5441.0,0.0011101874988526106
5454.0,0.0013904910301789641
5456.0,-0.00047007473767735064
5471.0,0.0033261023927479982
5479.0,-1.0240793244520319e-06
5502.0,0.0007222546846605837
5518.0,0.0019078056793659925
5522.0,0.002748411614447832
5528.0,0.00247039832174778
5549.0,-0.001840708195231855
5554.0,-0.0015177017776295543
5566.0,0.002417355077341199
5580.0,0.001124250004068017
5584.0,-0.004451566841453314
5603.0,0.005521210376173258
5609.0,0.0008972969371825457
5613.0,0.0007527275593020022
5617.0,0.0015535465208813548
5627.0,0.0019214580534026027
5634.0,-0.0014533066423609853
5642.0,-0.001604895805940032
5646.0,-0.0033414943609386683
5657.0,0.0023759317118674517
5662.0,0.0012716988567262888
5663.0,-0.0018841568380594254
5664.0,0.00024141152971424162
5667.0,0.0014698103768751025
5674.0,-0.00014767849643249065
5682.0,-0.004212653264403343
5689.0,-0.002144862897694111
5703.0,0.0019502169452607632
5710.0,-0.003946513868868351
5722.0,-0.004509003367275
5723.0,-0.003346227342262864
5731.0,-0.001962502021342516
5747.0,0.0016456040320917964
5753.0,0.00021504139294847846
5763.0,0.0024799820967018604
5766.0,-0.001844832906499505
5768.0,0.0012637717882171273
5770.0,0.0008962253341451287
5792.0,-0.0010306426556780934
5817.0,-0.002274683676660061
5820.0,0.005259300582110882
5821.0,0.0027607169467955828
5825.0,0.0010270274942740798
5842.0,0.001749434624798596
5843.0,-0.0016439446480944753
5847.0,0.0019552044104784727
5849.0,-0.0016973032616078854
5861.0,-0.0024215576704591513
5884.0,-0.00214538536965847
5898.0,0.0028567456174641848
5912.0,0.00012887013144791126
5928.0,0.0015472321538254619
5956.0,0.0015996290603652596
5968.0,-0.0015945668565109372
5970.0,0.0016393656842410564
6004.0,0.0007971166050992906
6013.0,0.004164673388004303
6025.0,0.0013943995581939816
6030.0,-0.001036941772326827
6054.0,0.0011286466615274549
6056.0,-0.00031105123343877494
6058.0,-0.0019149812869727612
6071.0,0.002234500600025058
6086.0,0.000996846822090447
6091.0,-0.0008555275271646678
6114.0,-0.0015395847149193287
6121.0,-0.0007467789109796286
6125.0,0.002309259260073304
6127.0,-0.0014659969601780176
6129.0,-0.0009246811387129128
6133.0,-0.001303994213230908
6141.0,-0.0010203768033534288
6145.0,-0.004327829461544752
6160.0,0.0051917205564677715
6161.0,-0.0013303208397701383
6175.0,-0.0010333656100556254
6180.0,0.0027368408627808094
6187.0,0.0023889485746622086
6191.0,-0.001275409129448235
6199.0,0.0014229770749807358
6200.0,-0.001964164897799492
6203.0,-0.0003653960593510419
6209.0,-0.0016011017141863704
6211.0,0.004287960939109325
6215.0,0.000791653583291918
6225.0,0.003134855767711997
6226.0,-0.0017417189665138721
6234.0,-0.0021157441660761833
6240.0,0.002205057768151164
6260.0,-0.001724058180116117
6306.0,0.0015525117050856352
6310.0,-0.0032526131253689528
6325.0,0.0013561483938246965
6363.0,0.0019827806390821934
6375.0,-0.002312776865437627
6380.0,-0.0023464157711714506
6389.0,0.001591603155247867
6393.0,0.0014200410805642605
6395.0,-0.0016355820698663592
6421.0,-0.0026232111267745495
6425.0,0.00017646948981564492
6428.0,-0.003926281817257404
6440.0,0.0022530388087034225
6447.0,-0.002722842153161764
6449.0,-0.0026709148660302162
6453.0,-0.0020613926462829113
6474.0,-0.0022998175118118525
6476.0,-0.0011737229069694877
6480.0,-0.0003835741663351655
6492.0,0.0025544508825987577
6495.0,-0.001698834472335875
6513.0,0.003286413848400116
6517.0,-0.0027028052136301994
6518.0,0.001273606438189745
6522.0,0.001443434739485383
6543.0,-0.000189276528544724
6551.0,-0.0038015958853065968
6552.0,-0.0013611458707600832
6555.0,0.0023959525860846043
6557.0,-0.0033854013308882713
6560.0,0.0010074166348204017
6567.0,-0.003673261497169733
6593.0,0.00020233029499650002
6605.0,0.002891759155318141
6607.0,0.0016927543329074979
6615.0,-0.0013803191250190139
6632.0,-0.002751803258433938
6680.0,-0.0020259509328752756
6693.0,0.00017278894665651023
6712.0,-0.0033005671575665474
6727.0,-0.0006233583553694189
6728.0,0.0023442676756531
6747.0,-0.0012619949411600828
6753.0,0.002190923085436225
6771.0,-0.003368047997355461
6774.0,-0.001684752875007689
6795.0,0.0018458918202668428
6797.0,-0.002507720608264208
6805.0,0.0019353976240381598
6810.0,-0.001102490583434701
6836.0,0.0015116906724870205
6840.0,0.0022494487930089235
6844.0,0.0011088181054219604
6849.0,-0.0019053143914788961
6866.0,-0.00113860541023314
6870.0,-0.002046039095148444
6874.0,-0.0019809298682957888
6888.0,0.0015396258095279336
6912.0,0.0007247382309287786
6916.0,0.002297238912433386
6933.0,-0.00121925282292068
6946.0,0.003499189391732216
7008.0,0.0014445154229179025
7015.0,0.001415163860656321
7016.0,0.0004164729325566441
7038.0,0.000701781187672168
7039.0,-0.0013992877211421728
7051.0,-0.002501843264326453
7058.0,0.0006149918190203607
7071.0,-0.0013432318810373545
7072.0,-0.00146636669524014
7076.0,-0.001020395546220243
7103.0,-0.0020491620525717735
7104.0,0.001104979426600039
7108.0,0.0031446171924471855
7132.0,-0.004713485483080149
7150.0,0.0013903288636356592
7159.0,0.0017075762152671814
7161.0,-0.0022030489053577185
7163.0,0.00033897245884872973
7166.0,-0.0018697773339226842
7173.0,-0.0018551982939243317
7180.0,-0.0013698083348572254
7188.0,0.0017939710523933172
7200.0,0.0010374253615736961
7212.0,0.0022857149597257376
7223.0,-0.0025662360712885857
7224.0,0.0028433427214622498
7226.0,0.0010681386338546872
7234.0,0.0019669339526444674
7244.0,0.0006190778221935034
7249.0,-0.0024061326403170824
7254.0,0.001747945905663073
7283.0,0.002284011337906122
7292.0,0.00254478445276618
7293.0,-0.0015869175549596548
7301.0,-0.00019611780589912087
7306.0,0.0014956215163692832
7308.0,0.002492607105523348
7341.0,-0.0012661892687901855
7346.0,0.0022851198446005583
7349.0,-0.0009294343763031065
7359.0,0.0009527232032269239
7379.0,0.0032576723024249077
7389.0,-0.000784523319453001
7402.0,-0.0015543026383966208
7407.0,-0.002522069728001952
7415.0,0.0011625980259850621
7427.0,0.0017347093671560287
7433.0,0.001130573102273047
7436.0,0.003608806524425745
7444.0,-6.275467603700235e-05
7452.0,0.0037090212572366
7457.0,0.003002166748046875
7458.0,-0.002782384632155299
7471.0,0.001595485140569508
7482.0,0.001429125084541738
7500.0,-0.0034670031163841486
7520.0,-0.0012071828823536634
7538.0,-0.0006602557841688395
7563.0,-0.0004480203497223556
7568.0,0.0012404475128278136
7573.0,-0.0014395004836842418
7584.0,0.0021955196280032396
7592.0,0.00595904141664505
7597.0,0.0017427130369469523
7598.0,-0.0009625409147702157
7608.0,-0.002860652981325984
7612.0,0.001066258060745895
7625.0,0.002203229581937194
7626.0,0.0006387351313605905
7628.0,0.0023872707970440388
7631.0,0.0014177520060911775
7632.0,-0.0015748522710055113
7640.0,0.0008249958627857268
7670.0,0.002571865450590849
7700.0,0.0007399965543299913
7704.0,0.0013724954333156347
7707.0,-0.0025238438975065947
7747.0,0.002551361918449402
7756.0,-0.00024642329663038254
7786.0,0.001815893454477191
7787.0,-0.002413436770439148
7795.0,-0.002642798237502575
7809.0,0.0020235597621649504
7823.0,0.0016669842880219221
7828.0,-0.0011587860062718391
7835.0,0.0014045574935153127
7840.0,0.002314178505912423
7857.0,-0.001476636971347034
7861.0,-0.001983900787308812
7885.0,0.0026185563765466213
7895.0,0.001744784414768219
7899.0,-0.0007175664068199694
7912.0,-0.000384778919396922
7913.0,-0.003303287085145712
7914.0,-0.0018871359061449766
7915.0,0.0034404981415718794
7921.0,-0.0014941588742658496
7931.0,0.003663514042273164
7933.0,0.0009482689783908427
7935.0,0.0017847060225903988
7945.0,-0.002108372049406171
7949.0,-0.0017223362810909748
7952.0,-0.001595274661667645
7959.0,4.7870293201413006e-05
7961.0,0.0018182463245466352
7965.0,0.0010722478618845344
8013.0,-0.0025937145110219717
8014.0,-0.001693784724920988
8021.0,-0.0018098175060003996
8022.0,0.00037578167393803596
8026.0,-0.0014691686956211925
8027.0,0.0036227083764970303
8029.0,-0.001654977211728692
8031.0,0.00014346797252073884
8034.0,-0.0010408014059066772
8045.0,-0.002184488344937563
8051.0,0.0014301723567768931
8052.0,-0.0030301599763333797
8059.0,-0.0017734365537762642
8074.0,0.0034271643962711096
8077.0,-0.002057818928733468
8090.0,0.005096073262393475
8093.0,0.0019646412692964077
8100.0,-0.0012314796913415194
8114.0,0.0015886252513155341
8123.0,-0.0025852785911411047
8177.0,0.0020766525994986296
8183.0,0.00043491009273566306
8188.0,-0.0017586314352229238
8189.0,-0.0015732181491330266
8203.0,0.0011504896683618426
8213.0,-0.0016021953197196126
8240.0,-0.007914680987596512
8262.0,-0.0008805407560430467
8275.0,0.0020002846140414476
8307.0,-0.001831882051192224
8337.0,-0.0022452673874795437
8349.0,-0.003672971623018384
8365.0,-0.0021234743762761354
8403.0,0.002647408517077565
8413.0,0.0018045201431959867
8417.0,0.0009887113701552153
8418.0,0.00032674591057002544
8431.0,-0.0024523003958165646
8435.0,-0.001289102714508772
8441.0,-0.0011401729425415397
8447.0,0.0013445400400087237
8462.0,-0.0014457906363531947
8474.0,0.0010743180755525827
8486.0,-0.0016164541011676192
8508.0,-0.001923001604154706
8532.0,-0.0005264459759928286
8544.0,0.0013839815510436893
8552.0,-0.0011810269206762314
8574.0,-0.0013288966147229075
8582.0,0.0009916216367855668
8583.0,0.0026166338939219713
8598.0,-0.002128231106325984
8621.0,-0.0016286048339679837
8625.0,0.002651150804013014
8631.0,-0.0014541824348270893
8642.0,-0.0019122182857245207
8648.0,-0.003169359639286995
8665.0,0.0012109973467886448
8694.0,-0.0021835819352418184
8701.0,-0.0010748406639322639
8704.0,-0.0003286275314167142
8725.0,0.001742517459206283
8739.0,-0.0017110769404098392
8750.0,0.0016288510523736477
8760.0,-0.0019280258566141129
8783.0,0.00047388055827468634
8784.0,-0.0026579308323562145
8794.0,-0.0025562599766999483
8799.0,0.0014960657572373748
8806.0,0.0003841402067337185
8841.0,-0.002824177732691169
8875.0,0.0012277744244784117
8878.0,-0.0005528137553483248
8885.0,0.002513227751478553
8890.0,-0.0014212786918506026
8903.0,0.0012167084496468306
8915.0,-0.0014361130306497216
8918.0,-0.001829803455621004
8929.0,-0.000879836268723011
8957.0,-0.0017794625600799918
8968.0,0.0008882301044650376
8973.0,0.0011269565438851714
8978.0,0.003009167267009616
8986.0,0.004430464468896389
8992.0,0.00013136114284861833
9001.0,-0.0010216142982244492
9003.0,0.000896928773727268
9010.0,0.0004779572773259133
9013.0,-0.00030570459784939885
9024.0,9.460027649765834e-05
9029.0,0.00035674890386871994
9037.0,-0.004613615572452545
9038.0,-0.0002306298993062228
9040.0,0.002322631422430277
9073.0,0.0017343696672469378
9078.0,0.0003636808833107352
9094.0,-0.0016759129939600825
9095.0,-0.0022975492756813765
9102.0,-0.0028360611759126186
9108.0,-0.0011406979756429791
9112.0,-0.0014250325039029121
9120.0,0.002054161624982953
9129.0,0.001599797629751265
9157.0,-0.00234583648853004
9164.0,-0.0016148793511092663
9165.0,0.002193466294556856
9177.0,-0.002129381289705634
9179.0,0.0022788310889154673
9181.0,-0.0025319887790828943
9214.0,-0.0012156051816418767
9219.0,0.0013364758342504501
9234.0,0.002862685127183795
9235.0,-0.004343903157860041
9237.0,-0.0016666650772094727
9241.0,0.002270981902256608
9257.0,-0.00030302262166514993
9264.0,-0.004308617673814297
9271.0,-0.0034677518997341394
9273.0,-0.0011941271368414164
9276.0,0.0013739848509430885
9297.0,-0.001760312938131392
9308.0,0.0025739113334566355
9309.0,0.0033808816224336624
9317.0,-0.003010619431734085
9332.0,0.001535613788291812
9353.0,-0.0010016250889748335
9355.0,0.0023568731267005205
9360.0,0.0014194363029673696
9380.0,-0.0005541663849726319
9398.0,-0.003029852407053113
9402.0,-0.0018160241888836026
9408.0,-0.00010655190271791071
9414.0,-0.0030813671182841063
9422.0,0.0012718549696728587
9431.0,0.003919276874512434
9433.0,0.0009969023521989584
9435.0,-0.0010118478676304221
9438.0,0.0017948024906218052
9439.0,-0.002795781707391143
9451.0,0.0015102241886779666
9454.0,0.0029075026977807283
9489.0,0.0030208926182240248
9513.0,-0.0014011476887390018
