test_index,y_pred
29.0,0.2731761595321317
44.0,0.27523523039898634
56.0,0.1816317508417723
69.0,0.25477975706834755
96.0,0.6012343049743767
100.0,0.4338637325373696
111.0,0.4348176413144612
134.0,0.2981166903916167
149.0,0.30302904962076205
173.0,0.34913012206657135
179.0,0.2921685848585466
188.0,0.28029922702701926
196.0,0.28997087562043794
199.0,0.24611100620129855
208.0,0.23752297306955855
210.0,0.2365938425725867
211.0,0.25894702933852437
218.0,0.2901058120491492
229.0,0.32019036921805816
237.0,0.2557638561982577
239.0,0.2217551036448594
247.0,0.3297577286665943
252.0,0.2909122398077736
254.0,0.2833667723745047
259.0,0.31941919794286744
279.0,0.271317089842105
282.0,0.29929119354553285
296.0,0.32786866471625503
321.0,0.340928692328891
332.0,0.24052633739244206
342.0,0.2469442118481081
353.0,0.27426570356016744
354.0,0.2716956563378161
367.0,0.22686306356792607
430.0,0.2334686216736367
432.0,0.22596702947094427
433.0,0.2309433463079794
435.0,0.23226749523227574
440.0,0.22679014809201492
443.0,0.2889648149802254
445.0,0.21863957029992437
464.0,0.22833916932674203
471.0,0.2378794038098947
472.0,0.25674149411530955
478.0,0.25827741474171073
480.0,0.2956444801343472
495.0,0.18496939560705095
508.0,0.23533332073690905
509.0,0.23008555023140065
530.0,0.22769354939952174
554.0,0.24110021025795858
575.0,0.41043277058620875
581.0,0.375494829469044
582.0,0.4022717279997221
598.0,0.2620978428288592
599.0,0.28265086746260915
611.0,0.23858416286855022
613.0,0.2188047380355967
630.0,0.3441959626435187
637.0,0.47257138074309346
642.0,0.3665638293261725
654.0,0.2708873426992908
700.0,0.21839300916755994
705.0,0.2083225771227425
729.0,0.20527897441927234
733.0,0.1841691223195382
736.0,0.23858387972258566
742.0,0.20663842199387583
744.0,0.1939618976988745
755.0,0.22460787384336872
756.0,0.22460986349841844
764.0,0.24327330945027192
765.0,0.26304938686941204
767.0,0.2855585844626049
782.0,0.22626764472941152
802.0,0.29160062540227805
810.0,0.1987587983117075
855.0,0.22811965016329533
862.0,0.2233324438317532
869.0,0.254234809510662
879.0,0.3033600373953102
883.0,0.28681286030858205
892.0,0.3268894152396834
903.0,0.45736110874820124
913.0,0.25751873310692197
916.0,0.2611749678012378
923.0,0.29347360060807837
926.0,0.2887933163735201
932.0,0.2365356171469628
948.0,0.22069428795207802
976.0,0.4655426062168524
978.0,0.39153701818237335
998.0,0.21826584136470562
999.0,0.23355703803127903
1004.0,0.280684729676799
1010.0,0.26026894652874955
1023.0,0.2227681446051868
1033.0,0.20198820097941328
1053.0,0.35418013180225255
1054.0,0.4064409806852849
1057.0,0.3518317938063016
1061.0,0.3455313841843396
1067.0,0.22712975258697077
1071.0,0.43568828023489353
1078.0,0.6895581140836755
1080.0,0.5372151478854443
1100.0,0.45486061127541233
1102.0,0.4898656664780411
1104.0,0.4664911925575038
1106.0,0.3471975403029303
1114.0,0.3736245809437223
1117.0,0.31126448426125
1124.0,0.2913385376388039
1138.0,0.2723468609060613
1159.0,0.3241112365949851
1165.0,0.3133420985664409
1190.0,0.18492596385744586
1193.0,0.179387639990626
1196.0,0.17701798756640563
1200.0,0.29078352030641663
1204.0,0.2548917102348367
1237.0,0.1555809143704331
1244.0,0.14262023094950582
1263.0,0.21589746883941474
1271.0,0.31276551649873585
1272.0,0.24531159105509293
1286.0,0.280264021347306
1288.0,0.27035164132645617
1289.0,0.23823709365711737
1292.0,0.337177623986355
1298.0,0.21608330698593348
1299.0,0.2372954950550692
1307.0,0.20806057145694712
1322.0,0.35051527190488074
1352.0,0.2709596546872579
1357.0,0.4062129341067033
1360.0,0.40136890746289866
1361.0,0.37087783319325945
1362.0,0.39048083714158643
1366.0,0.3966303168914773
1374.0,0.3528933905648409
1383.0,0.30821840176521853
1387.0,0.3277108927557395
1389.0,0.33806723447689424
1398.0,0.19754196950418368
1412.0,0.3376238395536283
1421.0,0.334308504893205
1430.0,0.3397632656036763
1448.0,0.3536788710842368
1454.0,0.2543028648110949
1465.0,0.22884798046105137
1467.0,0.24448120772437287
1491.0,0.21631519254621967
1505.0,0.37848068067316454
1506.0,0.4040305575698242
1509.0,0.4245666883089322
1510.0,0.41231093960672804
1525.0,0.1985871032318226
1537.0,0.26671766083963155
1559.0,0.39629754940162154
1564.0,0.31538128099438417
1569.0,0.25065755882589147
1575.0,0.2605745949618349
1582.0,0.2366753062108492
1590.0,0.08285849119543698
1604.0,0.6585185096765078
1622.0,0.8699052231441842
1639.0,0.14910118772514191
1644.0,0.15070090576766948
1646.0,0.14454252832312575
1656.0,0.14460110347447908
1660.0,0.16086497026489466
1700.0,0.17130507688550878
1708.0,0.1944268072478198
1710.0,0.19388751015600114
1720.0,0.19362410096524452
1721.0,0.20915287419401152
1732.0,0.24279620560361914
1738.0,0.22023046163509208
1760.0,0.21392842172359572
1770.0,0.22059681017089128
1771.0,0.2207924907776696
1783.0,0.14960983132483063
1784.0,0.20500455007304919
1791.0,0.1634024788646986
1797.0,0.14827075322957628
1807.0,0.24633740992330067
1814.0,0.21300499166988862
1835.0,0.2714498518272477
1838.0,0.2812644560824842
1842.0,0.2724618961154919
1849.0,0.2494821624152218
1877.0,0.25074573086775126
1889.0,0.35845405114441514
1893.0,0.35730142424418143
1897.0,0.3602384999576103
1900.0,0.3590708405763815
1920.0,0.3260624970747299
1922.0,0.27770459239063827
1925.0,0.6264051586703897
1941.0,0.24227005360295656
1956.0,0.3858647702515141
1957.0,0.3781280276944614
1958.0,0.3635968634514125
1966.0,0.4421192190821348
1976.0,0.555223657729516
1989.0,0.4435649765168841
1993.0,0.383071731479528
2012.0,0.32922782719524313
2030.0,0.3844321944718218
2034.0,0.49490665643369264
2046.0,0.5017415506136137
2067.0,0.49366464286766376
2091.0,0.35434960883337574
2093.0,0.35935382131575744
2108.0,0.4187603787956811
2114.0,0.41509012884846125
2129.0,0.5352436204747972
2134.0,0.4013591979220513
2136.0,0.38749895800947753
2143.0,0.4469177878245315
2148.0,0.42928034728455744
2155.0,0.4294785385291364
2171.0,0.3084344207947396
2196.0,0.4756100632338486
2198.0,0.4660781387133456
2203.0,0.48007190384953147
2220.0,0.5108694572588365
2233.0,0.37839417423199295
2251.0,0.2791680764478589
2268.0,0.18334248105556972
2288.0,-0.008540103528282494
2301.0,-0.011780532809558375
2315.0,-0.01680385976781318
2360.0,0.2387278438123852
2363.0,0.4689389396294259
2369.0,0.2859333376622211
2377.0,0.3781968574190715
2379.0,0.37794472302762216
2384.0,0.2819765450232289
