test_index,y_pred
12.0,15.079088427684507
30.0,8.127267714223105
43.0,24.94292477225201
47.0,30.13594652059501
62.0,17.819608996373997
68.0,27.301375738789996
70.0,30.46196465292871
71.0,32.04225910999804
86.0,20.845168708865398
92.0,30.51181432175056
108.0,16.9066832755999
109.0,18.80830252123624
113.0,26.414779503781627
120.0,39.72611422323598
134.0,27.704498828405743
142.0,43.14430765501976
150.0,12.470889012870938
178.0,29.659910584332405
192.0,57.329875189535414
195.0,63.923264362931604
203.0,33.970170361734006
219.0,66.5147933883307
229.0,41.58617058522975
238.0,61.134543069165716
274.0,28.066301316304642
287.0,16.271911443715037
288.0,17.555411999282693
295.0,26.539915888256285
298.0,30.390417554959324
304.0,8.520427224322358
307.0,13.34325257215789
336.0,18.98401699281524
350.0,6.533448357517526
411.0,38.55580812763361
416.0,49.141904835569505
428.0,23.71554936431124
446.0,63.601420035447404
485.0,57.36323335274324
489.0,67.68012764329842
493.0,80.0072617511288
497.0,92.33439585895951
498.0,95.41617938591708
507.0,7.63570896383865
528.0,31.900695249581016
531.0,36.0877219088874
564.0,36.39287939887997
566.0,39.38221420312851
567.0,40.876881605252805
570.0,45.36088381162577
582.0,12.531002801572495
596.0,32.940872719448095
602.0,41.93465299061171
607.0,49.42946988324809
613.0,5.837506266315157
621.0,19.74828913206073
627.0,30.6780880903278
633.0,41.35265857487485
636.0,46.58529560175373
637.0,48.329507944046554
644.0,60.538994340097105
653.0,13.779675587413973
657.0,21.40716421594581
670.0,46.196502258674144
678.0,61.451479515737844
679.0,63.358351672870754
690.0,24.447144419760487
718.0,78.05006292445606
720.0,83.82843303780962
721.0,86.71761809448637
724.0,20.76019786242392
731.0,35.92426939265664
741.0,57.587228721560564
745.0,66.25241245312219
757.0,100.19993393964819
765.0,42.35546067030265
776.0,65.63623236011892
779.0,72.96912322154202
782.0,81.90313410345505
790.0,105.72716312188999
802.0,49.35142854948759
803.0,51.72056666627225
829.0,131.45732183876595
831.0,137.91873774697711
837.0,50.61198589324823
844.0,71.59208993828838
848.0,84.08997475646493
857.0,112.2102155973617
859.0,118.45915800644985
861.0,124.70810041553801
897.0,31.52619797350489
898.0,32.65719683935298
903.0,4.402400979271445
925.0,31.73892805522547
944.0,21.008013995048938
945.0,22.40849263864629
952.0,32.17401092317459
978.0,26.880174357905727
1001.0,20.32418352046275
1029.0,16.271013376393736
1052.0,65.28639763776755
1068.0,43.872740125315204
1071.0,50.222041495265046
1083.0,75.96556929538536
1086.0,84.89958017729828
1093.0,37.1752761613007
1094.0,39.49275673159525
1095.0,41.810237301889686
1096.0,44.12771787218429
1112.0,85.78575640202172
1114.0,92.14385721725279
1117.0,101.68835742789446
1121.0,39.14811237125065
1126.0,50.46261920736595
1152.0,51.94172782456303
1187.0,8.688039057021154
1194.0,16.605031117957747
1200.0,23.391024313046312
1204.0,27.91501977643868
1211.0,8.676973287511867
1222.0,22.742529280219937
1224.0,25.731864084468537
1230.0,3.70981604581186
1231.0,4.944102737085072
1234.0,8.646962810904707
1255.0,3.9358707968107156
1258.0,8.60674021418205
1260.0,12.082981227356097
1278.0,44.53402996498755
1288.0,20.901344858337605
1292.0,28.52883348686947
1294.0,32.34257780113535
1319.0,43.014115751634534
1334.0,26.57811667833101
1337.0,33.07700447700222
1338.0,35.24330040989264
1344.0,48.241076007234994
1350.0,61.23885160457735
1351.0,63.40514753746771
1359.0,39.59778155750371
1361.0,43.830649137470346
1366.0,54.41281808738688
1392.0,65.69591801736487
1448.0,21.770032252619526
1456.0,2.949007222764462
1490.0,18.10077224756321
1496.0,27.439168189563443
1503.0,38.276408889315434
1504.0,39.824586132137085
1505.0,8.500610029866007
1520.0,34.66379516426008
1526.0,45.129069218017634
1530.0,11.091738905699795
1532.0,14.913027392818943
1564.0,37.036578112921575
1598.0,61.66560258766668
1609.0,43.474961511521656
1612.0,49.87993602120372
1614.0,54.149919027658314
1621.0,71.85317868091221
1630.0,45.74161720893915
1647.0,92.62577037624362
1654.0,114.01932877155656
1666.0,83.23524370342346
1684.0,4.158591195925536
1688.0,8.682586659317902
1695.0,16.599578720254524
1700.0,22.254573049495033
1717.0,15.452387753534918
1738.0,11.91976471129524
1743.0,19.704547073580923
1745.0,22.818460018495156
1748.0,27.48932943586652
1754.0,36.84908901345446
1756.0,0.8984151291269001
1769.0,21.842813957044708
1770.0,23.45392155919225
1777.0,34.93007015666649
1780.0,1.2734303042928987
1788.0,14.557973431381978
1791.0,19.539677104040376
1825.0,44.07500427812897
1830.0,9.710545796004848
1831.0,11.763349679045287
1837.0,24.080172977287813
1851.0,53.133204452387986
1873.0,55.396084318739895
1874.0,57.658985685962875
1879.0,68.97349252207812
1881.0,29.391695567121527
1892.0,51.837079706750444
1911.0,44.53063113924708
1942.0,13.319184477992646
1951.0,23.49817427062551
1963.0,10.59233596518325
1973.0,23.018030090616886
1983.0,7.036719804937545
2004.0,36.372019079174805
2025.0,33.648208129286274
2053.0,46.60951436212491
2068.0,32.56489701004796
2072.0,41.230080741609584
2086.0,28.83007512783109
2099.0,56.34371439761418
2103.0,64.80944955754734
2104.0,66.92588334753071
2123.0,62.301282995888585
2135.0,41.102912694318945
2144.0,61.469024999326564
2153.0,89.54066761674551
2154.0,92.66513882128964
2163.0,61.4223817613439
2167.0,73.92026657952044
2170.0,83.29368019315262
2185.0,5.2204078293299405
2187.0,7.482405561026224
2202.0,25.111867188204112
2228.0,32.06409724053444
2232.0,4.058667367235953
2239.0,14.268282320149407
2250.0,31.3525688948159
2254.0,37.54527786610274
2258.0,11.311210056816915
2259.0,13.055422399109826
2271.0,33.985970506624966
2308.0,23.038717979076633
2323.0,51.092362891108536
2339.0,38.948650591883734
2346.0,54.11272212211645
2347.0,56.279018055006816
2350.0,62.77790585367802
2364.0,50.97855064062276
2366.0,55.24853364707758
2370.0,64.43352364850114
2377.0,85.40945303233991
2387.0,57.91147139068045
2410.0,59.3864612470818
2413.0,68.9236124699284
2440.0,10.27950293069939
2463.0,2.45232968317971
2467.0,7.372292542660827
2473.0,15.390384112005062
2476.0,19.87438631837797
2477.0,21.36905372050232
2498.0,9.388698655935197
2505.0,20.27393569448756
2509.0,26.466644665774364
2531.0,19.740011076200144
2559.0,17.58607716626747
2561.0,21.4073656533867
2571.0,40.513808088982756
2575.0,48.144072129666654
2576.0,50.05094428679965
2580.0,57.678432915331484
2588.0,22.711401813598226
2594.0,33.932859778411114
2596.0,37.67334576668202
2618.0,23.371113545393197
2619.0,25.53740947828373
2623.0,34.20259320984519
2627.0,42.86777694140682
2629.0,47.200368807187544
2638.0,67.3444387298614
2644.0,85.51163335113
2648.0,33.46586035257019
2651.0,39.87083486225214
2666.0,75.91357118480727
2677.0,108.87574593083974
2684.0,55.295212876091796
2687.0,63.23650340821615
2688.0,66.29272603611787
2697.0,93.79872968723453
2700.0,102.96739757094008
2705.0,118.2485107104493
2715.0,62.072574742605866
2722.0,84.32592759591455
2755.0,13.623020494092184
2760.0,19.278014823332608
2778.0,39.63599440859825
2794.0,13.567885982118622
2802.0,23.835890426659912
2804.0,26.402891537795252
2805.0,27.686392093362937
2818.0,44.37189931574255
2826.0,1.679741627626126
2843.0,28.148001659397277
2846.0,32.81887107676866
2850.0,39.1293423093812
2859.0,53.351992423005214
2868.0,3.172805780394012
2897.0,50.42035224511491
2900.0,55.34693865475165
2902.0,58.63132959450945
2921.0,25.692797192592305
2922.0,27.59441643822859
2929.0,40.905751157683085
2934.0,50.413847385864756
2944.0,70.59848031637881
2952.0,15.099716980743946
2963.0,35.469045110765876
2991.0,14.430440970946503
2992.0,16.483244853986943
2996.0,24.69446038614876
2997.0,26.74726426918914
3006.0,45.22249921655299
3011.0,55.687598983268
3012.0,58.00507955356255
3016.0,67.27500183474046
3023.0,83.7167523170371
3024.0,86.89580272465258
3033.0,29.465638640187077
3043.0,49.4478854398771
3050.0,65.20913830698606
3053.0,71.99784240865534
3078.0,41.66505437842227
3082.0,49.7796293658439
3091.0,69.82929485920897
3103.0,106.81069718270072
3107.0,119.13783129053138
3121.0,51.30663466104892
3123.0,55.66646223268873
3127.0,66.10117723544658
3131.0,78.26711172801049
3143.0,114.7649152057025
3151.0,-2.51880576497972
3153.0,-0.2568080332835506
3168.0,16.708174954437734
3194.0,0.9223949956178189
3197.0,4.650103233247916
3217.0,29.361067406674547
3221.0,34.62469065863009
3238.0,7.634143035947685
3240.0,10.247800738066925
3248.0,20.702431546544144
3263.0,41.680531174719846
3269.0,50.85228614564761
3274.0,-3.444135941831237
3279.0,4.457336343515462
3289.0,20.923831860932633
3315.0,2.351824918418882
3319.0,8.774090145944594
3328.0,23.837205583546645
3347.0,59.458616431576274
3366.0,24.775685256316816
3377.0,47.05710913900546
3379.0,51.38970100478616
3383.0,60.05488473634776
3386.0,66.553772535019
3392.0,80.070557018519
3396.0,9.699719543596867
3407.0,33.09496131938374
3424.0,69.38981687424894
3434.0,98.07547738944879
3442.0,32.151326344028064
3467.0,100.16019951122723
3477.0,132.4672790522837
3481.0,29.149409685075224
3505.0,94.64325431784346
3518.0,136.02805553381774
3520.0,37.22667027314998
3539.0,89.9147849398779
3540.0,93.03925614442204
3550.0,124.28396818986295
3575.0,13.40875291984808
3601.0,-3.634393562564486
3625.0,31.088382144619
3651.0,11.81872622126718
3658.0,22.655966921019054
3707.0,41.870373392430764
3731.0,16.818823535908617
3753.0,58.879733086441206
3765.0,11.80783717046523
3770.0,21.159052141142634
3773.0,26.76978112354902
3782.0,43.601968070768066
3783.0,45.47221106490363
3785.0,49.212697053174566
3786.0,51.08294004730996
3787.0,52.9531830414455
3801.0,85.07083637569784
3819.0,45.124332131878646
3827.0,60.84709370526889
3841.0,101.99227121764926
3855.0,46.76703455093997
3862.0,63.84566012881959
3866.0,75.83190549101317
3870.0,87.81815085320687
3871.0,90.81471219375527
3880.0,117.78376425869078
3881.0,120.78032559923929
3896.0,55.63951535346041
3908.0,91.05135513082189
3909.0,94.02935875812625
3915.0,111.8973805219523
3929.0,45.19212939827452
3937.0,69.77619734170798
3939.0,76.23761324991926
3941.0,82.69902915813049
3945.0,95.62186097455304
3961.0,147.31318824024322
3971.0,4.417932974119137
3978.0,14.18766184583411
4024.0,29.763728666898967
4039.0,52.183739698763446
4043.0,58.1624093072607
4051.0,18.397519563035697
4060.0,31.962734461212445
4063.0,36.484472760604746
4076.0,56.078672057971076
4080.0,62.107656457160616
4086.0,19.321594548439688
4092.0,28.405663241358408
4100.0,40.79108118393199
4102.0,43.88743566957538
4112.0,59.905220879819126
4122.0,21.75605584369762
4126.0,28.41667716710347
4140.0,51.909733480842675
4141.0,53.594583454335066
4151.0,78.81240388892016
4157.0,23.917287493795296
4159.0,27.694330574619183
4160.0,29.582852115031184
4162.0,33.36941766125199
4176.0,63.966098939302015
4184.0,86.15353383806399
4189.0,100.02068064979031
4192.0,28.824675237646485
4213.0,77.88559280164986
4215.0,83.34921846456291
4221.0,99.74009545330188
4224.0,107.93553394767144
4231.0,45.08007377878897
4252.0,101.81929777688185
4253.0,104.55111060833838
4254.0,107.28292343979484
4257.0,115.47836193416441
4262.0,129.1374260914469
4269.0,58.059330288933666
4280.0,91.36585376125953
4284.0,103.47731684210527
4322.0,121.32133233671226
4350.0,13.11682198497476
4357.0,32.81243337303323
4370.0,69.38999737942669
4372.0,75.0173149188721
4373.0,77.83097368859467
4378.0,91.89926753720755
4379.0,94.71292630693006
4385.0,-5.8759938906371785
4420.0,91.92818352900662
4424.0,-9.096969259662846
4434.0,18.84708143166443
4442.0,41.20232198472576
4462.0,97.09042336737963
4483.0,52.1625448617483
4498.0,94.60157121155356
4509.0,17.498243591674505
4512.0,26.62617490278603
4518.0,44.882037525008855
4525.0,66.180543917602
4534.0,93.56433785093645
4608.0,106.2151522067312
4618.0,136.93746250428137
4639.0,96.08086516921219
4640.0,99.24436553190799
4643.0,108.73486661999652
4650.0,130.87936915886826
4651.0,134.04286952156428
4679.0,120.0023038204755
4692.0,161.12780853552374
4694.0,167.4548092609158
4696.0,173.78180998630762
4700.0,186.43581143709173
4705.0,202.25331325057175
4717.0,4.080546968791876
4755.0,2.306511477314186
4767.0,17.11795177259287
4772.0,23.28938522895896
4775.0,26.992245302778667
4796.0,-3.3671882820924024
4814.0,26.28210279777039
4819.0,34.518016986621205
4829.0,50.98984536432279
4840.0,6.09426840228434
4862.0,42.19897387261031
4864.0,45.481219824458094
4872.0,58.610203631849316
4874.0,-7.782364078752582
4897.0,34.808049284020484
4899.0,38.511563489479016
4902.0,44.06683479766676
4918.0,0.9649628330284913
4925.0,15.33459001431157
4939.0,44.07384437687762
4941.0,48.179452142958496
4956.0,2.6583158412872168
4974.0,38.626360080729285
4977.0,44.621034120636295
4987.0,64.60328092032637
5012.0,41.50381361814482
5017.0,51.07999911097437
5020.0,56.82571040667199
5022.0,60.65618460380392
5026.0,68.3171329980675
5054.0,46.83950859166856
5057.0,52.58521988736635
5065.0,68.91891412925861
5081.0,25.726952336675705
5082.0,27.642189435241672
5087.0,37.21837492807117
5112.0,100.3251408455684
5113.0,103.36662446870946
5130.0,7.609658474572126
5149.0,29.09863692568582
5156.0,-4.280735881164321
5166.0,8.019171267538209
5184.0,30.98686381353657
5185.0,32.481531215660894
5187.0,35.47086601990945
5193.0,-1.3984425904591857
5198.0,4.772990865906874
5201.0,8.475850939726595
5216.0,27.99602264397492
5219.0,32.49291277955675
5238.0,7.549868195883417
5246.0,20.660049592998657
5247.0,22.481682752709926
5250.0,27.94658223184342
5251.0,29.768215391554545
5259.0,44.34128066924407
5285.0,29.48446595170213
5335.0,65.05706547855249
5345.0,15.685909592299875
5360.0,48.180348585655736
5365.0,59.01182825010761
5375.0,86.02504842621278
5377.0,92.08077996663576
5379.0,22.30898572651517
5386.0,37.12402225639818
5397.0,60.40479394621457
5410.0,97.50072114800423
5413.0,106.43473202991731
5414.0,109.41273565722167
5419.0,32.08329241595288
5422.0,39.03573412683636
5424.0,43.67069526742523
5433.0,68.00349736903507
5434.0,71.18254777665072
5448.0,115.68925348326815
5461.0,54.23151479607532
5474.0,94.84964045514874
5489.0,-2.7224346909237367
5501.0,14.025671946301852
5508.0,23.795400818016827
5516.0,34.96080524283393
5540.0,19.75729099635279
5548.0,31.714630213347316
5552.0,37.69329982184459
5556.0,43.67196943034176
5573.0,17.13135618053388
5576.0,21.77588790899895
5577.0,23.324065151820687
5609.0,21.815104973607898
5613.0,27.930372140937745
5634.0,59.70082722901313
5635.0,61.19979060754045
5636.0,63.09033931085517
5639.0,14.243244432070721
5647.0,28.145155400886974
5649.0,31.616248554964866
5652.0,36.82288828608165
5655.0,42.02952801719832
5664.0,57.6494472105486
5668.0,66.63053641633411
5669.0,69.2276528306939
5674.0,14.561547815907087
5677.0,20.297126390979823
5686.0,37.50386211619758
5697.0,59.6358278499728
5700.0,67.9561159370084
5701.0,70.72954529935367
5710.0,95.69040956046098
5714.0,29.491791270199936
5729.0,60.294264713583004
5743.0,98.53964435397398
5747.0,109.46689567980007
5749.0,35.16799658731554
5762.0,65.44164258025148
5763.0,68.20901208075043
5771.0,91.0522547578193
5780.0,118.12804245506214
5789.0,48.52620854725882
5798.0,75.7770004791617
5813.0,121.19498703233324
5816.0,130.27858434296763
5817.0,133.30645011317893
5820.0,142.39004742381331
5866.0,18.441787271959722
5913.0,33.937064015282346
5918.0,41.41040102590375
5931.0,60.84107725351967
5941.0,25.341039941654056
5943.0,28.330374745902642
5955.0,46.26638357139436
5960.0,53.73972058201582
5963.0,58.67440741108908
5969.0,72.81183084776114
5983.0,35.856155958162134
5987.0,42.04886492944905
5990.0,46.693396657914064
5992.0,49.78975114355745
6021.0,43.73125159454196
6037.0,80.55333840545703
6056.0,47.198320449356686
6060.0,57.868172584645635
6068.0,79.07273211750362
6081.0,30.7870035210571
6101.0,84.25335595609329
6109.0,106.44079085485527
6118.0,44.06909665846297
6136.0,93.24172762468004
6139.0,101.4371661190496
6156.0,65.27098880223838
6160.0,76.19824012806441
6163.0,84.39367862243392
6189.0,155.420812240303
6191.0,160.88443790321605
6203.0,108.24225244173203
6214.0,141.54877591405796
6218.0,153.6602389949038
6243.0,26.358260915349543
6248.0,-22.515540364490523
6266.0,36.796312660204464
6268.0,-21.76302861088792
6274.0,1.2198165719028653
6277.0,12.71123916329827
6281.0,28.033135951825525
6283.0,35.694084346089085
6304.0,47.65131654283064
6319.0,33.27521026243781
6340.0,41.123006659847675
6359.0,41.56283549798994
6367.0,4.234764761204329
6385.0,6.015709789003435
6395.0,41.64424333135861
6419.0,14.318029011003677
6445.0,-3.33577929935453
6446.0,-1.75548484228523
6451.0,6.145987443061469
6456.0,14.047459728408153
6467.0,31.43069875617085
6480.0,-8.180855504440789
6534.0,20.837057189973788
6537.0,26.99546883909505
6543.0,39.312292137337664
6566.0,16.980685146639214
6579.0,42.79452599569848
6609.0,33.66501006159632
6629.0,6.806742510905903
6633.0,14.467690905169373
6636.0,20.213402200867105
6654.0,54.68766997505335
6673.0,23.505490412789865
6679.0,34.61744175169139
6680.0,36.46943364150826
6685.0,45.72939309059274
6692.0,58.69333631931096
6698.0,1.7214165731294857
6707.0,18.38934358148145
6708.0,20.24133547129838
6730.0,60.98515704727026
6733.0,-1.5427383683621114
6745.0,20.681164309440756
6751.0,31.79311564834222
6763.0,55.661727335021
6769.0,71.9430976978486
6780.0,15.825446957642708
6797.0,26.674418212571478
6821.0,10.991338613302727
6830.0,-11.106802435469152
6835.0,8.96470142246596
6842.0,37.765497541771765
6844.0,45.99429643300198
6864.0,19.886475624766486
6876.0,14.095816158300973
6912.0,9.20769886758806
6913.0,11.469696599284152
6954.0,3.6109642696543434
6955.0,7.470916476307846
6956.0,11.330868682961377
6960.0,26.770677509575446
6976.0,33.991992504313004
6993.0,50.5389372636086
7012.0,18.217837272905225
7014.0,25.87878566716881
7021.0,52.692105047091445
7024.0,64.18352763848685
7037.0,62.7454626745066
7045.0,4.347213194127986
7066.0,8.663947402601988
7068.0,14.607981211809626
7077.0,40.76782992914785
7084.0,0.13216777024717608
7091.0,23.380118242653136
7092.0,26.701254024425392
7117.0,53.1112828168329
7118.0,56.971235023486344
7131.0,33.310203688000286
7133.0,41.539002579230555
7134.0,45.653402024845576
7138.0,62.11099980730609
7141.0,2.4727142610836923
7155.0,57.81264347148965
7159.0,73.54788084506527
7196.0,74.0844005587
7202.0,23.127658077831878
7207.0,41.64757697600095
7212.0,62.053122295943695
7214.0,72.9073692044953
7222.0,-2.8757954359841973
7229.0,12.958188685889038
7232.0,19.74418188097756
7239.0,35.57816600285089
7241.0,-4.1545187256206075
7267.0,11.898094246823202
7269.0,18.462586150518856
7275.0,38.156061861605735
7287.0,11.531453965890531
7294.0,37.45605340410012
7310.0,28.278736512052713
7329.0,31.059587974182246
7341.0,6.728477818591668
7351.0,45.67740930153968
7359.0,78.07853179092746
7360.0,8.598766746389682
7361.0,12.429240943521446
7366.0,31.581611929180436
7369.0,43.073034520575845
7378.0,82.89185983083439
7394.0,72.33333422811609
