test_index,y_pred
6.0,4.907868429363158
24.0,5.609722371768531
25.0,5.439280738660854
32.0,5.012989565350911
48.0,5.194274220073974
52.0,5.230988959504581
56.0,5.604769713501751
58.0,5.229425702916704
76.0,5.677727311931911
81.0,5.512070057158366
104.0,4.640091647043795
112.0,5.036232317963882
115.0,5.531154251527289
118.0,5.48053400150927
136.0,4.683029379402862
138.0,5.096795101740381
159.0,5.136410314685663
170.0,3.8984134666108603
194.0,5.230138323526262
209.0,6.406008642036792
222.0,4.932543690319473
256.0,5.503400779763557
266.0,5.007096497982746
267.0,7.056850216386148
276.0,5.371644477883655
299.0,5.055088197357771
328.0,5.815377735914988
330.0,6.773342528774304
331.0,6.773342528774304
353.0,6.720195895441411
355.0,6.452398143691455
356.0,6.501493793687672
358.0,6.21333583184058
382.0,5.919151454419251
386.0,5.3448695808107916
413.0,6.3879607592630165
430.0,6.528381664198569
433.0,5.4110861755549635
436.0,5.2645261359232824
442.0,5.545298898893453
449.0,6.3204381954850595
483.0,5.963315323081291
490.0,5.569759724801423
540.0,5.349035108519359
557.0,5.973786757196616
573.0,5.3334613641029
579.0,5.911491480959391
615.0,5.361033457972493
643.0,5.170801518525463
647.0,5.028845798930492
648.0,6.26918111163695
656.0,5.4481678606208614
664.0,5.767038924058446
665.0,5.429474316243447
674.0,5.478347010669752
678.0,5.224209680767117
682.0,5.615796045322199
695.0,6.6698242451367475
719.0,4.9359360103732906
761.0,4.618438872530012
785.0,5.149260930941794
796.0,5.429945821334271
801.0,5.30980208572347
817.0,7.1861927596298605
818.0,4.901162684092023
835.0,5.1155765526510075
862.0,5.588348726071865
869.0,5.769753716380547
888.0,5.92681180231862
908.0,5.788740369970169
909.0,6.670231253687546
910.0,6.641767884465635
912.0,6.432227122915531
941.0,7.119728967953721
958.0,5.82160838510156
973.0,6.313883885551301
990.0,5.35157251353097
998.0,4.327987369446855
1003.0,6.21019120407225
1006.0,6.763770750608724
1017.0,7.091028019302415
1023.0,6.2340376469605125
1051.0,5.595506579938743
1054.0,4.317495318223652
1064.0,5.613684991454489
1088.0,6.02232165766427
1102.0,6.0103400993429394
1104.0,6.745492957520478
1106.0,7.05563509709645
1111.0,6.43649510152552
1113.0,5.688948157868871
1116.0,5.925670622891217
1123.0,6.336109484792218
1130.0,5.431756648275461
1137.0,6.46904355621316
1146.0,5.576366583730593
1162.0,6.907674428495511
1178.0,5.618329744339573
1180.0,5.913338808668587
1196.0,5.262316651241796
1207.0,5.631112669781019
1227.0,5.444767059139411
1228.0,6.946073502653145
1236.0,5.180289854130231
1237.0,6.348082703877336
1238.0,5.060469990676324
1257.0,5.6276369369784565
1259.0,5.909753900757528
1264.0,6.639280181908723
1289.0,5.724757343225453
1303.0,6.347056260672427
1309.0,5.08579386546538
1313.0,5.587645795528985
1346.0,5.384633229078001
1366.0,4.663212149039217
1378.0,5.569834558682299
1381.0,4.50633936507662
1399.0,5.884130404813157
1401.0,5.1477879088616545
1402.0,6.633248737879737
1413.0,5.30634772954863
1415.0,5.345328179002243
1417.0,6.875782907965152
1444.0,6.101455074646383
1461.0,4.88752204851824
1469.0,4.728806772754637
1474.0,5.046873948103598
1479.0,6.250357938793019
1482.0,5.239123888592462
1489.0,5.398972973709525
1497.0,5.6514859362118885
1502.0,5.105250415264545
1510.0,5.726307165612094
1519.0,5.423388205197875
1522.0,5.974890168559059
1541.0,6.245223038980338
1548.0,6.070651564263119
1551.0,5.072953690064396
1552.0,5.726303370217145
1556.0,5.021831848924462
1563.0,5.313884015050461
1587.0,5.748744662639121
1588.0,6.84673051438616
1589.0,4.979975884488449
1590.0,5.8874660538583194
1592.0,5.771826952171649
1610.0,5.664813297793242
1627.0,6.163188975376517
1628.0,6.956150678682831
1629.0,5.935720136661363
1675.0,6.940370178647016
1691.0,7.165298500845171
1697.0,5.252230483788819
1701.0,5.918645956843355
1705.0,5.858991626004767
1710.0,5.414221598576645
1714.0,4.64710070069866
1723.0,5.738635467312276
1736.0,5.372734865306286
1739.0,5.756301613260269
1746.0,4.843217834736049
1751.0,5.510724338224739
1767.0,5.426655760064098
1772.0,6.59877964509836
1774.0,6.7145168290108055
1776.0,5.876896298664274
1784.0,5.603363369593347
1793.0,5.013901051934851
1808.0,5.1062040305901695
1815.0,6.394793279217521
1833.0,5.766253650704868
1842.0,5.465824808025688
1850.0,6.028639989769226
1866.0,5.5092727730350655
1878.0,6.63769260565681
1889.0,5.743550616859019
1890.0,6.464983561943348
1909.0,6.129492157169419
1932.0,5.999846059230893
1935.0,5.995901010650135
1943.0,5.935356549532053
1946.0,5.874756386415295
1948.0,6.084369990484058
1972.0,5.2849699173683735
1995.0,6.49029532757103
1999.0,6.628233049231023
2005.0,6.910931172281579
2006.0,4.785780615060891
2011.0,6.17697015207367
2015.0,5.81148052976947
2016.0,5.308517481720497
2021.0,5.9681637672770185
2052.0,6.14492178709188
2059.0,5.899971684330955
2078.0,5.880550720840036
2088.0,5.3811871998652
2092.0,6.430372961963429
2100.0,6.162228175404068
2101.0,4.5555636610729655
2111.0,6.437784291092593
2172.0,7.236033101398242
2186.0,6.230301778758975
2194.0,4.94817694414283
2201.0,5.08552305983483
2207.0,6.195149670672621
2217.0,6.045140275680878
2222.0,5.119262723347167
2224.0,6.659706915233898
2231.0,5.862449661596372
2235.0,6.590661022075319
2242.0,5.911639519964689
2277.0,6.495513590782617
2282.0,5.41780007358698
2305.0,5.707421845967729
2309.0,6.049585917988472
2311.0,6.845906348600337
2314.0,6.254616871732769
2321.0,6.332875510015135
2341.0,5.962136511296058
2342.0,6.025307294768672
2358.0,5.989639089366291
2369.0,6.129989674755602
2372.0,6.199891071494075
2373.0,6.336783823087856
2378.0,6.029625043790752
2380.0,5.462722745785981
2384.0,5.821282613212846
2409.0,5.351890458464179
2416.0,5.218021089933928
2420.0,4.818511539199608
2422.0,6.0637300769543065
2437.0,6.492426814490696
2456.0,5.604060195546428
2459.0,6.19309875937505
2467.0,5.984865336966259
2478.0,6.651994237608308
2487.0,6.382134330233589
2495.0,6.1614372394504064
2497.0,5.8212666354854905
2500.0,6.105620093094489
2503.0,5.1594306701894315
2518.0,5.772235232984966
2535.0,5.608571495802212
2536.0,5.571530979415038
2554.0,5.024484760907604
2566.0,6.04054057107243
2602.0,5.754524657091706
2607.0,5.8021715384754975
2611.0,6.20809886746665
2642.0,5.465462515221415
2655.0,6.232745919195935
2658.0,4.986210533939971
2668.0,6.427456279174631
2670.0,6.32998127514506
2671.0,6.418102625465891
2685.0,6.1856397752414845
2694.0,6.207740283552083
2702.0,5.2282932514130485
2714.0,6.2212657967465255
2721.0,6.491361448586423
2750.0,5.098351120886892
2760.0,5.8257611657476085
2767.0,6.096435279136865
2770.0,4.856232047389743
2780.0,5.683607227974077
2784.0,5.217931558578454
2788.0,4.8820529103122965
2789.0,6.175738188370572
2802.0,5.202007113064525
2809.0,5.47964283896648
2818.0,6.093128338605378
2819.0,5.6049039183209475
2821.0,5.721876704031997
2825.0,6.916805532996315
2828.0,6.4666106976952795
2834.0,5.694459538182326
2841.0,7.271837924199033
2842.0,7.190014246966591
2881.0,5.305145690916882
2885.0,6.583465769436147
2886.0,7.270841488641486
2894.0,5.886555692408119
2897.0,7.03992654772465
2910.0,6.400372410566727
2913.0,5.484282765577855
2917.0,6.116512484500204
2921.0,5.716042972245279
2926.0,5.894635901947916
2949.0,6.645138897047023
2954.0,6.46542225698664
2960.0,6.404044040425386
2968.0,5.189823967636836
2977.0,6.363445139666589
2980.0,6.721471716080168
2985.0,6.914166098290225
2992.0,5.53505382960984
3017.0,5.533339755995958
3018.0,6.269886015752798
3021.0,5.507576443610406
3033.0,6.356112535714193
3043.0,6.572861929736904
3050.0,4.642306551439969
3055.0,6.726093045742212
3082.0,5.304294832856271
3096.0,6.762174087525413
3105.0,6.462625571393205
3106.0,5.957876999280987
3109.0,5.291710446927339
3126.0,6.367427523031236
3135.0,5.8479055584662545
3149.0,6.266801156686109
3150.0,5.105921114236912
3163.0,5.241967014623198
3181.0,6.602070835734604
3184.0,5.546328546329909
3189.0,6.942770404028562
3218.0,6.598449078884349
3240.0,6.216797793208731
3245.0,6.216797793208731
3264.0,6.852748496503581
3275.0,6.465472845836383
3276.0,6.23663777085232
3290.0,5.688479493977735
3296.0,6.804720655084261
3303.0,5.504792478904519
3308.0,6.289695759770027
3309.0,5.516201400993054
3361.0,6.147501218713169
3372.0,6.087118454284828
3381.0,6.906668092672554
3393.0,5.354328245062198
3403.0,5.589617810701507
3405.0,4.833923149513922
3406.0,5.839403461296831
3412.0,6.119382982101713
3418.0,7.0781940283225
3428.0,6.525963525211483
3433.0,6.398334246725345
3441.0,5.79423005985234
3460.0,6.014097995988958
3464.0,5.831282824356628
3473.0,6.260667426634281
3478.0,5.638258292572313
3482.0,5.6580249855373905
3491.0,5.834503266160723
3494.0,5.63364021662396
3504.0,5.325864009707494
3505.0,5.7748675243093235
3513.0,6.37068272567864
3515.0,5.5447503588582405
3524.0,5.504527590263054
3528.0,6.038029639579868
3534.0,6.038029639579868
3543.0,4.6687090633813435
3552.0,6.384483409118966
3563.0,5.358656641846324
3567.0,5.982392028121828
3570.0,6.657792333186415
3574.0,5.580439876304916
3601.0,6.540118844312219
3606.0,5.691498713869365
3630.0,6.146370071748754
3646.0,5.469813104776869
3651.0,5.870558875231074
3658.0,4.6599390311201985
3662.0,6.265173723072969
3680.0,5.959990568388085
3689.0,5.603772503674456
3693.0,5.932000446648011
3759.0,6.501701541661718
3768.0,5.597662173237132
3782.0,5.768848943811391
3784.0,6.030963565199304
3785.0,5.124121065245076
3787.0,5.947385387483552
3795.0,6.23595510793863
3801.0,5.824400338755033
3805.0,6.725270526291674
3807.0,5.803903166738936
3808.0,6.557919935767151
3809.0,5.724104052381935
3820.0,6.02241607513401
3821.0,6.3296195063180685
3829.0,5.924619426301721
3832.0,4.866282076798492
3846.0,6.567203930817883
3864.0,5.768301511439149
3872.0,5.1679109273403965
3878.0,4.831957464212573
3892.0,6.923469586778327
3898.0,7.067553122766625
3915.0,6.834984434874114
3922.0,6.522373431574056
3933.0,6.283338365123368
3939.0,5.921980725730775
3941.0,6.806800035524801
3944.0,5.87518048124864
3951.0,5.117893083456822
3971.0,5.031146680157984
3978.0,5.263416622222729
3984.0,5.47458737297274
3985.0,5.304956387043252
3995.0,5.5811847718929455
4010.0,5.94119241344221
4017.0,5.405699414204624
4025.0,6.245232463101012
4028.0,5.544086553336217
4043.0,5.523663351332027
4047.0,5.874227787825821
4056.0,6.191929416673282
4060.0,5.237716695485483
4084.0,5.883279462365329
4112.0,5.0754189786926185
4139.0,6.234456582270188
4148.0,6.1867772801239145
4152.0,6.437007901158459
4174.0,5.4861626422504015
4176.0,5.728779140594477
4200.0,5.905793514197466
4233.0,5.4133371120269205
4235.0,5.63356918161261
4237.0,6.955291296558866
4246.0,5.627834928450625
4247.0,6.440484769693222
4253.0,4.938379070088097
4256.0,6.559135930562762
4262.0,6.119387075877495
4269.0,7.059455636056906
4302.0,5.7856321296358715
4304.0,5.428770140456165
4310.0,5.785210692341685
4323.0,6.480400404883296
4327.0,5.872654600903197
4328.0,6.414864538142533
4333.0,6.1497558083268435
4334.0,5.872654600903197
4336.0,6.114893309948377
4342.0,5.369096106130118
4348.0,6.06698337831272
4352.0,6.194226359425081
4370.0,6.544321805073571
4382.0,5.9435943341088455
4386.0,6.124189731331452
4394.0,6.066544845940249
4397.0,6.463363336526513
4409.0,6.602178250379679
4411.0,6.0714543564082994
4414.0,5.787515371311356
4427.0,6.6862590085881015
4438.0,6.265307142582099
4449.0,5.669799805495029
4454.0,6.492062951555405
4456.0,6.869543648648432
4472.0,7.051369186113787
4475.0,6.476276353853975
4482.0,6.7531331633314595
4512.0,5.19055470803704
4517.0,5.953122663283456
4541.0,5.662302869558374
4546.0,6.367363471531513
4550.0,5.71851108338578
4559.0,6.864954097974711
4563.0,6.433141849693256
4576.0,6.0098241149894305
4577.0,6.0098241149894305
4581.0,5.9122044250554895
4588.0,6.076064986818406
4602.0,6.356531355372742
4604.0,6.631947569021423
4610.0,6.801901805719094
4615.0,6.58872924669017
4618.0,5.979617950578054
4619.0,5.65987914223427
4650.0,5.490344441422164
4664.0,6.21289507990354
4674.0,6.692497709180991
4684.0,6.294671190498836
4694.0,5.611499199585413
4700.0,6.218277240163121
4708.0,5.727858139134651
4712.0,6.029782074739363
4716.0,6.669236520512253
4717.0,7.214889004502625
4731.0,6.693612901002795
4747.0,5.849250977450669
4771.0,6.853906236286653
4783.0,6.278700982742827
4789.0,6.901919504889739
4817.0,4.92919412737406
4819.0,6.5695268914772695
4827.0,5.521578057187825
4836.0,6.457423659138841
4852.0,6.532314943046861
4877.0,5.398721694192736
4879.0,5.781158153371312
4881.0,6.180283454818977
4898.0,6.863270546082784
4913.0,5.115006791270118
4915.0,6.705782130778565
4943.0,5.840791004768204
4951.0,6.42176957965783
4958.0,6.431865603079641
4960.0,6.213996341934668
4969.0,7.031883554680612
4989.0,6.973556076239372
4991.0,6.489882768485345
4993.0,5.5125920090041705
4999.0,5.675635698426068
5003.0,5.4507572057560685
5004.0,5.579531750659648
5022.0,6.143540142517767
5039.0,6.910425991647151
5048.0,7.223239296022264
5058.0,5.678277763435467
5074.0,5.651776124237958
5099.0,7.470873904450132
5100.0,6.651326604739153
5130.0,5.488368984705994
5137.0,6.7995033848797535
5140.0,6.554074460298433
5162.0,5.1524937156845025
5220.0,6.013948633165667
5228.0,5.473468976906988
5234.0,6.48600299155395
5238.0,6.145950081411819
5242.0,6.641265652695007
5247.0,6.338833427266378
5261.0,5.176341005854219
5283.0,7.203162724265968
5285.0,5.274011171557384
5297.0,6.631166096978052
5300.0,6.071097953643031
5302.0,5.630163775566735
5307.0,5.367175438629347
5309.0,5.454776535124876
5326.0,6.494299543620906
5333.0,5.748161746036977
5340.0,5.806403611326846
5347.0,5.73113586713865
5355.0,5.180414316252063
5378.0,7.093986905813289
5385.0,5.367233573390769
5397.0,6.081620565355613
5400.0,6.170337752508366
5424.0,6.282702585789197
5433.0,5.384339393068474
5435.0,6.897514315691823
5451.0,6.744462595660935
5454.0,6.685680306822505
5465.0,6.274657228205738
5481.0,6.226490728056642
5483.0,5.665616268391772
5493.0,6.412636543408143
5514.0,7.338946481160009
5527.0,5.724828481299303
5529.0,6.499200082522255
5537.0,6.876932882091052
5538.0,6.5308908299995805
5555.0,5.740691254977419
5563.0,5.297263719793225
5577.0,5.798673169547182
5605.0,6.0893131493233925
5647.0,6.5092074986241695
5671.0,6.5041712631284865
5681.0,6.550048705320156
5683.0,6.452568028169577
5688.0,5.775367002101203
5704.0,6.322225077368587
5707.0,6.746972451864382
5715.0,5.693456250949311
5725.0,6.103183267764978
5742.0,6.382751259141569
5747.0,5.148572722657898
5750.0,6.81053798649996
5751.0,5.148572722657898
5752.0,5.256875033480427
5758.0,5.531507567356581
5765.0,6.790422081767037
5769.0,5.531507567356581
5770.0,6.80375247877205
5777.0,6.619361848765863
5778.0,5.981043668244808
5787.0,6.1784123586400534
5799.0,6.857718780960551
5824.0,6.213605197864735
5827.0,5.824605119448658
5833.0,5.888213678361181
5838.0,6.744441147234563
5843.0,5.555194546447718
5852.0,5.635601488871845
5866.0,6.620360773442033
5874.0,5.770749046287288
5898.0,5.415111513893628
5900.0,5.482476278785572
5911.0,6.989556110951052
5929.0,5.753629371365108
5942.0,5.879089016406609
5969.0,5.428448369186746
5971.0,6.2980677603770685
5973.0,5.310961020487983
5994.0,6.043383373821736
6016.0,5.94532984534312
6022.0,5.94532984534312
6030.0,6.568591906564521
6052.0,6.275489645096191
6058.0,6.021164244918431
6064.0,6.0036230488074995
6068.0,6.383482878741803
6074.0,6.98695245873519
6076.0,5.689879253911976
6078.0,4.870409403870518
6087.0,6.768033637592095
6106.0,6.444336191801545
6148.0,6.239194288859772
6159.0,7.454418610973349
6171.0,7.045875935674829
6172.0,6.8408052185950945
6190.0,5.821767635818653
6194.0,6.3415651334842265
6206.0,6.565010470955888
6215.0,6.152996861128465
6228.0,6.0765927260843275
6230.0,6.403419481500907
6241.0,6.724275697140063
6243.0,6.971725051653302
6258.0,6.275098866877117
6259.0,6.446516140796201
6270.0,5.756179527007531
6271.0,5.756179527007531
6280.0,6.24745083866508
6292.0,5.507686761059753
6296.0,7.219331147759873
6323.0,6.149857787695027
6335.0,5.878287844574333
6343.0,5.742715972051597
6355.0,7.278487160886539
6358.0,6.130247734273314
6370.0,5.900587371476874
6381.0,5.698595091714744
6391.0,6.774653282926628
6395.0,6.366320066595837
6399.0,6.7375827035715234
6400.0,6.366320066595837
6404.0,5.617776723237486
6409.0,5.232983294428789
6411.0,6.455351950942108
6435.0,5.511923403650434
6454.0,5.60297176307407
6462.0,6.916128482558605
6468.0,5.264184435191267
