test_index,y_pred
5.0,-0.0006400000000000003
8.0,-0.0022800000000000016
14.0,0.0020300000000000014
30.0,0.0018400000000000014
67.0,-0.0007400000000000004
84.0,0.002510000000000002
98.0,-0.00026
150.0,0.002190000000000002
151.0,-0.004180000000000003
152.0,0.002370000000000002
157.0,-0.002730000000000002
168.0,0.0022800000000000016
177.0,-0.00012000000000000011
183.0,0.0007900000000000004
188.0,-3.9999999999999976e-05
190.0,-0.0020600000000000015
191.0,0.002830000000000002
192.0,0.0007400000000000004
193.0,-0.0024900000000000013
198.0,0.0022800000000000016
229.0,-0.0019500000000000014
263.0,-0.0023000000000000017
266.0,-0.0026100000000000016
280.0,-0.001590000000000001
293.0,0.0016100000000000012
299.0,-0.0002699999999999996
301.0,0.0026300000000000017
317.0,-0.0022400000000000015
334.0,0.0023400000000000014
338.0,0.00016999999999999993
353.0,0.002510000000000002
371.0,-0.0024800000000000017
395.0,0.0010400000000000006
405.0,-0.0009900000000000006
411.0,-0.0036900000000000027
418.0,0.0009400000000000007
434.0,0.001890000000000001
435.0,-0.0009100000000000007
436.0,0.0010300000000000005
445.0,0.0021000000000000016
466.0,0.0022600000000000016
469.0,-0.0018100000000000013
473.0,-0.0017600000000000014
486.0,0.001670000000000001
491.0,0.001250000000000001
498.0,0.0021200000000000017
505.0,0.0016800000000000012
507.0,-0.0015900000000000011
509.0,0.0016900000000000012
525.0,0.0010300000000000008
531.0,0.0013000000000000008
533.0,-0.0019900000000000013
539.0,0.0015200000000000012
548.0,-0.001270000000000001
564.0,-0.0004300000000000001
568.0,0.002770000000000002
575.0,-0.0011900000000000005
578.0,-0.0033300000000000022
604.0,0.0020900000000000016
609.0,-0.0018000000000000013
610.0,0.001350000000000001
614.0,-0.0035200000000000027
618.0,-0.002340000000000002
626.0,-0.002510000000000002
638.0,-0.0015200000000000012
669.0,0.0020500000000000015
673.0,0.0011400000000000008
676.0,-0.0017400000000000013
678.0,0.0012400000000000009
688.0,0.001490000000000001
697.0,0.0016200000000000012
709.0,-0.0009400000000000005
725.0,-0.0024300000000000016
743.0,0.001480000000000001
775.0,-0.003970000000000003
778.0,-0.0008600000000000005
792.0,0.001420000000000001
796.0,-0.0006900000000000003
804.0,-0.0010100000000000007
823.0,-0.0022900000000000017
827.0,-0.001390000000000001
834.0,-6e-05
842.0,0.0010700000000000006
850.0,0.0015900000000000011
858.0,0.0013100000000000008
885.0,-0.0019600000000000012
914.0,0.0009700000000000006
931.0,0.001400000000000001
932.0,-0.0005900000000000004
953.0,-0.0012000000000000008
954.0,-0.0013000000000000008
1005.0,0.0013100000000000008
1006.0,0.0011700000000000007
1011.0,-0.0023400000000000014
1016.0,0.0016700000000000011
1022.0,0.0008100000000000006
1044.0,0.002410000000000002
1067.0,-0.0002099999999999999
1073.0,0.0018200000000000013
1082.0,0.002350000000000002
1096.0,0.0005300000000000003
1106.0,-0.0019600000000000012
1107.0,-0.0007700000000000004
1122.0,0.0011000000000000007
1123.0,0.0017000000000000012
1125.0,0.0011100000000000007
1127.0,0.001450000000000001
1129.0,-0.003120000000000002
1140.0,-0.0019300000000000014
1153.0,-0.0011600000000000007
1165.0,-0.0004800000000000003
1167.0,0.001460000000000001
1169.0,0.002990000000000002
1171.0,-0.0012800000000000008
1172.0,-0.0008800000000000002
1176.0,0.0017700000000000014
1190.0,-0.0005900000000000001
1235.0,-0.0022700000000000016
1236.0,-0.00032
1238.0,-0.0017600000000000014
1243.0,-0.001810000000000001
1246.0,0.004400000000000003
1247.0,0.003060000000000002
1263.0,0.0006400000000000003
1266.0,-0.0038500000000000027
1277.0,-0.0022500000000000016
1304.0,0.003710000000000003
1309.0,0.0021200000000000012
1319.0,0.001550000000000001
1326.0,0.004190000000000003
1327.0,-0.004510000000000004
1330.0,0.00026999999999999984
1336.0,-0.004630000000000003
1352.0,0.0005500000000000004
1354.0,-0.002500000000000002
1365.0,-0.002900000000000002
1368.0,0.001250000000000001
1370.0,-0.0013300000000000009
1380.0,0.0004600000000000003
1432.0,-0.0016200000000000008
1436.0,-2.168404344971009e-21
1442.0,0.0003000000000000002
1443.0,-0.0009700000000000006
1452.0,-0.0018900000000000015
1468.0,0.0011500000000000008
1488.0,-0.0001899999999999999
1489.0,0.0018700000000000014
1517.0,0.0006000000000000004
1519.0,0.002680000000000002
1520.0,0.0013300000000000009
1530.0,-0.0008600000000000006
1534.0,0.001440000000000001
1535.0,-0.003100000000000002
1537.0,0.0008400000000000004
1544.0,0.001350000000000001
1547.0,-0.00028000000000000003
1566.0,0.001270000000000001
1571.0,-4.9999999999999935e-05
1575.0,0.0007500000000000006
1583.0,0.0010800000000000009
1585.0,-0.0005600000000000002
1590.0,-0.001570000000000001
1592.0,-0.00047000000000000015
1600.0,0.002440000000000002
1608.0,0.0007700000000000005
1617.0,-0.0015100000000000011
1627.0,0.001550000000000001
1636.0,-0.004520000000000003
1637.0,-0.001100000000000001
1643.0,-0.002970000000000002
1650.0,0.0009700000000000007
1651.0,-0.0017500000000000013
1655.0,-0.0036000000000000025
1659.0,-0.0011600000000000009
1664.0,0.0006800000000000005
1668.0,0.0022500000000000016
1672.0,0.001530000000000001
1674.0,-0.0010800000000000009
1681.0,0.0016000000000000012
1683.0,-0.003110000000000002
1684.0,0.0020100000000000014
1706.0,-0.0019700000000000013
1748.0,-0.002990000000000002
1759.0,-0.0019400000000000012
1761.0,-0.002860000000000002
1763.0,0.0023300000000000018
1766.0,0.0023000000000000017
1772.0,-0.0011100000000000005
1781.0,0.002380000000000002
1784.0,0.001420000000000001
1795.0,0.0016900000000000012
1796.0,-0.0021500000000000017
1799.0,0.0018100000000000013
1808.0,-0.0019300000000000012
1818.0,-0.0022600000000000016
1859.0,-1.0000000000000087e-05
1863.0,-0.0023100000000000017
1889.0,-0.0015100000000000011
1916.0,0.002080000000000001
1925.0,-0.0002800000000000001
1928.0,-0.0017400000000000013
1935.0,-0.0025800000000000016
1938.0,0.001460000000000001
1962.0,-0.0030300000000000023
1970.0,-0.0021700000000000014
1976.0,0.0020400000000000014
1988.0,-0.0006100000000000004
1990.0,-0.002460000000000002
1991.0,0.0009500000000000005
2037.0,-0.0007100000000000005
2038.0,0.00048
2045.0,0.0022300000000000015
2064.0,-0.0005600000000000004
2074.0,-0.0020100000000000014
2088.0,-0.0008200000000000004
2091.0,-0.002780000000000002
2105.0,-0.0031800000000000023
2109.0,0.002210000000000002
2113.0,0.0012400000000000009
2118.0,0.0009300000000000006
2125.0,0.001420000000000001
2126.0,-0.0033300000000000022
2138.0,0.0021500000000000013
2143.0,-0.0022600000000000016
2164.0,0.004250000000000003
2170.0,0.0017200000000000013
2183.0,-0.002540000000000002
2200.0,-0.0010200000000000007
2203.0,-0.0022000000000000014
2204.0,0.0008000000000000006
2225.0,0.0008700000000000007
2231.0,-0.00039000000000000037
2241.0,-0.0034000000000000024
2246.0,0.00020000000000000017
2261.0,0.0008800000000000005
2263.0,-0.0007800000000000001
2277.0,-0.0006900000000000003
2291.0,0.0009700000000000006
2299.0,-0.0011500000000000006
2307.0,-0.0015900000000000011
2309.0,-0.0018300000000000011
2359.0,-0.0032800000000000025
2362.0,-0.0016900000000000012
2378.0,-0.002180000000000002
2380.0,-0.0007600000000000006
2381.0,0.00013000000000000002
2387.0,-0.0009200000000000006
2404.0,-0.0020200000000000014
2413.0,0.00020000000000000004
2427.0,0.0005700000000000004
2432.0,0.004220000000000003
2455.0,-0.0018300000000000013
2467.0,0.0010300000000000005
2468.0,0.0024900000000000018
2471.0,-0.002370000000000002
2476.0,0.002200000000000002
2478.0,0.001530000000000001
2479.0,0.001430000000000001
2493.0,-0.00016999999999999993
2510.0,-0.002700000000000002
2525.0,0.0032400000000000024
2528.0,-0.005340000000000004
2542.0,-0.001360000000000001
2546.0,-0.0005800000000000003
2547.0,0.001700000000000001
2553.0,0.003160000000000002
2559.0,-0.0018300000000000013
2562.0,-0.0020700000000000015
2563.0,0.0022400000000000015
2564.0,0.0016400000000000013
2566.0,-0.0009200000000000007
2569.0,0.0014600000000000008
2572.0,-0.00033999999999999986
2584.0,0.001490000000000001
2591.0,-0.0017100000000000012
2606.0,-0.0009800000000000006
2613.0,-0.0017500000000000013
2623.0,0.001490000000000001
2630.0,0.0020300000000000014
2643.0,-0.0006900000000000005
2668.0,-0.0022900000000000017
2681.0,0.0017500000000000013
2691.0,0.0003300000000000001
2717.0,0.002680000000000002
2718.0,-0.0007600000000000004
2742.0,-0.001470000000000001
2762.0,0.0007200000000000004
2765.0,-0.002340000000000002
2779.0,-0.0011300000000000006
2791.0,-0.0024300000000000016
2792.0,-0.002400000000000002
2795.0,-0.001260000000000001
2799.0,-0.0008200000000000003
2817.0,-0.0024600000000000017
2820.0,-0.0031800000000000023
2821.0,-0.0008500000000000006
2834.0,-0.003060000000000002
2835.0,0.001490000000000001
2836.0,-0.0008100000000000003
2840.0,0.0016100000000000012
2852.0,-0.0035200000000000027
2855.0,-0.0016200000000000008
2857.0,0.0012800000000000008
2858.0,-0.0022200000000000015
2861.0,0.0018000000000000013
2870.0,-0.0018800000000000015
2884.0,-0.0005900000000000004
2885.0,0.002380000000000002
2887.0,-0.0011100000000000007
2894.0,-0.003080000000000002
2900.0,0.0013300000000000009
2918.0,-0.0019300000000000014
2919.0,-0.0010800000000000007
2927.0,-0.001350000000000001
2951.0,-0.0020100000000000014
2971.0,0.0016000000000000012
2977.0,-0.0017500000000000013
2996.0,-0.0019500000000000014
3004.0,-0.0006600000000000003
3005.0,0.0020500000000000015
3013.0,-0.00035000000000000016
3024.0,-0.0015700000000000009
3027.0,-0.002460000000000002
3031.0,0.0017500000000000013
3053.0,0.0022600000000000016
3063.0,-0.0017100000000000012
3069.0,-0.001580000000000001
3089.0,-0.0020500000000000015
3090.0,-0.0018600000000000014
3097.0,0.0006400000000000003
3099.0,-0.002210000000000002
3101.0,0.0005900000000000002
3123.0,0.0018000000000000013
3140.0,-0.0024800000000000017
3145.0,-0.001380000000000001
3151.0,0.0020300000000000014
3153.0,-7.999999999999986e-05
3163.0,-0.002520000000000002
3177.0,0.00037
3179.0,0.0006000000000000004
3193.0,-0.0017700000000000014
3198.0,0.0026100000000000016
3209.0,0.0016900000000000012
3217.0,-0.003980000000000003
3221.0,0.0009200000000000004
3232.0,0.003110000000000002
3238.0,-0.0016200000000000012
3249.0,0.0007300000000000004
3260.0,0.0017800000000000012
3266.0,0.0007200000000000004
3267.0,-0.0018900000000000015
3290.0,-0.0022300000000000015
3306.0,-0.0022300000000000015
3318.0,0.002170000000000002
3320.0,0.0011600000000000007
3326.0,-0.0020400000000000014
3332.0,-0.001900000000000001
3358.0,-0.0010100000000000003
3362.0,-0.0020500000000000015
3369.0,0.0019300000000000014
3387.0,0.0011800000000000007
3402.0,-0.0021400000000000013
3412.0,-0.0009000000000000004
3418.0,-0.0033000000000000026
3423.0,0.0008400000000000005
3432.0,-0.0019300000000000014
3441.0,0.001380000000000001
3445.0,-0.001530000000000001
3447.0,0.0003
3448.0,-0.002850000000000002
3471.0,0.001420000000000001
3476.0,0.004230000000000003
3484.0,0.0016500000000000013
3501.0,-5.000000000000001e-05
3512.0,0.0016300000000000008
3530.0,-0.0009400000000000005
3543.0,-0.003130000000000002
3546.0,0.001580000000000001
3560.0,0.0009200000000000007
3577.0,0.003990000000000003
3582.0,0.0018300000000000013
3584.0,0.001400000000000001
3594.0,0.0028200000000000018
3599.0,-0.003310000000000002
3603.0,0.002690000000000002
3639.0,-0.0018800000000000015
3657.0,0.0020500000000000015
3681.0,0.001530000000000001
3696.0,-0.0019000000000000015
3706.0,0.0022800000000000016
3712.0,-0.0016200000000000012
3714.0,0.001420000000000001
3722.0,0.0009900000000000006
3727.0,0.0019600000000000017
3732.0,0.001790000000000001
3744.0,0.0017600000000000014
3760.0,0.0018500000000000014
3761.0,-0.003340000000000002
3767.0,-0.001530000000000001
3778.0,-0.005380000000000004
3780.0,0.002670000000000002
3783.0,0.0019800000000000013
3793.0,0.001480000000000001
3801.0,0.002080000000000001
3803.0,-0.002740000000000002
3813.0,0.002390000000000002
3824.0,0.0017500000000000013
3827.0,-0.0005000000000000002
3830.0,-0.0016400000000000013
3833.0,0.0008400000000000006
3854.0,-0.0013200000000000009
3861.0,0.002740000000000002
3871.0,0.001570000000000001
3877.0,-0.0017500000000000013
3890.0,0.004100000000000003
3892.0,-0.0022300000000000015
3902.0,-0.001390000000000001
3929.0,0.002210000000000002
3931.0,0.0016100000000000012
3942.0,-0.002200000000000002
3944.0,0.0016100000000000012
3946.0,0.0016200000000000008
3959.0,-0.0024600000000000017
3972.0,-0.0019500000000000014
3986.0,-0.0026100000000000016
3991.0,-0.002380000000000002
4002.0,0.004750000000000003
4006.0,0.0019700000000000013
4026.0,-0.002520000000000002
4040.0,0.0001700000000000001
4048.0,-0.0016900000000000012
4066.0,-3.999999999999983e-05
4081.0,-0.001180000000000001
4082.0,-0.0010800000000000009
4097.0,0.001400000000000001
4100.0,-0.0006800000000000004
4123.0,-0.002530000000000002
4138.0,-0.0015100000000000011
4154.0,0.0011400000000000008
4171.0,0.0007800000000000005
4189.0,0.0026600000000000018
4195.0,0.0013200000000000009
4204.0,0.0014100000000000009
4224.0,-0.0016000000000000012
4230.0,0.0013100000000000008
4236.0,0.0026400000000000017
4249.0,-0.001680000000000001
4264.0,-0.0013600000000000007
4272.0,-0.0006500000000000004
4280.0,0.0018900000000000015
4306.0,-0.001420000000000001
4331.0,-0.0005800000000000003
4333.0,0.0016200000000000012
4362.0,0.00017999999999999998
4367.0,-0.0007900000000000006
4373.0,0.0009800000000000006
4381.0,-0.003960000000000003
4421.0,0.0024500000000000017
4423.0,0.0019100000000000013
4426.0,0.0026200000000000017
4438.0,0.0024400000000000016
4446.0,-0.0018000000000000013
4449.0,0.0016900000000000012
4451.0,-0.0022200000000000015
4454.0,-0.0019300000000000012
4465.0,0.0023000000000000017
4470.0,-0.0011600000000000007
4476.0,-0.0016400000000000013
4497.0,-0.0023900000000000015
4501.0,0.002950000000000002
4569.0,-0.0016200000000000008
4575.0,-0.0009900000000000006
4583.0,0.0004300000000000001
4590.0,0.0015400000000000008
4594.0,-0.0021100000000000016
4602.0,-0.0008100000000000004
4612.0,-0.0020500000000000015
4638.0,-0.0022600000000000016
4645.0,0.001350000000000001
4655.0,-0.00035000000000000005
4665.0,-0.0009300000000000002
4699.0,-0.007010000000000005
4705.0,0.0024100000000000016
4708.0,-0.001350000000000001
4709.0,-0.001890000000000001
4713.0,0.0036200000000000026
4720.0,-0.0015800000000000009
4734.0,0.0009700000000000007
4740.0,0.001580000000000001
4743.0,0.002950000000000002
4745.0,-0.0026100000000000016
4751.0,-0.0022200000000000015
4753.0,-0.0006600000000000003
4758.0,-0.0020800000000000016
4770.0,-0.0019300000000000014
4774.0,-0.0021500000000000013
4794.0,0.0022600000000000016
4795.0,-0.0041300000000000035
4815.0,0.004190000000000003
4831.0,0.0013000000000000008
4836.0,0.0026300000000000017
4854.0,0.002930000000000002
4873.0,0.0017900000000000012
4885.0,-0.0022700000000000016
4891.0,-0.0018500000000000014
4902.0,0.0010300000000000005
4929.0,-0.001360000000000001
4934.0,-0.0015000000000000011
4937.0,8.999999999999999e-05
4946.0,0.0006500000000000004
4958.0,0.001470000000000001
4961.0,0.001170000000000001
4973.0,-0.0011800000000000005
4980.0,-0.0023300000000000018
4993.0,0.0018200000000000013
5005.0,0.002780000000000002
5022.0,0.0009700000000000006
5026.0,-0.001480000000000001
5028.0,0.001200000000000001
5043.0,-0.0015100000000000011
5047.0,0.0013100000000000008
5053.0,-0.0019200000000000013
5059.0,-0.0020500000000000015
5090.0,-0.0026500000000000017
5100.0,0.001260000000000001
5104.0,-0.001260000000000001
5111.0,-0.001480000000000001
5114.0,0.0008800000000000007
5118.0,0.0017100000000000012
5140.0,-0.001260000000000001
5157.0,-0.0020500000000000015
5159.0,-0.002870000000000002
5171.0,-0.0005400000000000003
5182.0,-0.0019600000000000012
5185.0,-0.00011000000000000003
5186.0,-0.0021000000000000016
5222.0,0.0010500000000000008
5233.0,0.0009300000000000007
5235.0,-0.00042000000000000007
5236.0,-0.001540000000000001
5248.0,-0.0016900000000000012
5252.0,-0.0011700000000000007
5272.0,0.0021800000000000014
5277.0,0.001450000000000001
5335.0,0.0018800000000000015
5337.0,-0.0019400000000000014
5343.0,0.001180000000000001
5358.0,0.001570000000000001
5359.0,0.001350000000000001
5385.0,-0.003070000000000002
5386.0,0.0019400000000000014
5438.0,-0.0019300000000000014
5447.0,-0.0022500000000000016
5460.0,0.0008100000000000004
5470.0,-0.001180000000000001
5485.0,0.0019500000000000012
5489.0,-0.004330000000000003
5490.0,-0.0008300000000000004
5500.0,0.00017
5515.0,0.001250000000000001
5516.0,-0.0019800000000000013
5517.0,0.0025800000000000016
5518.0,0.0015900000000000011
5529.0,-0.0018900000000000015
5534.0,-0.001560000000000001
5564.0,0.0022700000000000016
5569.0,-0.002800000000000002
5571.0,-0.001470000000000001
5589.0,-0.0022800000000000016
5610.0,-0.0004800000000000003
5613.0,0.0005000000000000003
5615.0,-0.0018200000000000013
5632.0,0.001250000000000001
5647.0,-0.002080000000000001
5648.0,-4.999999999999997e-05
5649.0,0.002920000000000002
5663.0,-0.0019700000000000013
5681.0,0.002680000000000002
5682.0,-0.0035000000000000027
5693.0,0.0026200000000000017
5702.0,0.001400000000000001
5753.0,0.00027
5779.0,0.0011600000000000007
5787.0,0.0014500000000000008
5788.0,-0.0021900000000000014
5798.0,-0.0011600000000000007
5820.0,0.003150000000000002
5831.0,-0.0033800000000000024
5842.0,0.0017600000000000014
5847.0,0.002200000000000002
5848.0,0.001400000000000001
5862.0,0.0034300000000000025
5869.0,0.002700000000000002
5875.0,0.0007100000000000005
5881.0,0.0007900000000000006
5895.0,-0.0004600000000000003
5915.0,0.0018400000000000014
5922.0,0.001340000000000001
5927.0,0.0026000000000000016
5945.0,0.0010200000000000007
5946.0,0.00022000000000000006
5994.0,-0.0016000000000000012
6023.0,-0.0020300000000000014
6052.0,0.0018400000000000011
6058.0,-0.0026300000000000017
6062.0,-0.00023
6063.0,-0.005110000000000003
6064.0,0.0010300000000000008
6075.0,-0.0024000000000000015
6084.0,0.0018100000000000013
6089.0,0.001580000000000001
6118.0,-0.0013600000000000007
6121.0,-0.001580000000000001
6122.0,0.0020900000000000016
6128.0,-0.0026500000000000017
6133.0,-0.0002799999999999998
6134.0,0.0018400000000000014
6135.0,0.0018500000000000014
6146.0,-1.9999999999999985e-05
6162.0,-0.0017100000000000012
6183.0,-0.001660000000000001
6232.0,0.001540000000000001
6234.0,-0.0021500000000000017
6237.0,-0.0006900000000000003
6240.0,0.002070000000000001
6241.0,0.0017300000000000013
6261.0,0.0017000000000000012
6323.0,0.0016300000000000012
6336.0,-0.001470000000000001
6349.0,-0.002860000000000002
6357.0,0.0017800000000000012
6358.0,-0.0019900000000000013
6365.0,0.00037000000000000027
6371.0,0.0019600000000000012
6392.0,0.0021200000000000012
6394.0,-0.003510000000000002
6410.0,0.0009000000000000006
6422.0,-0.003100000000000002
6427.0,0.001820000000000001
6430.0,0.0017000000000000012
6451.0,-0.001540000000000001
6460.0,0.0020100000000000014
6467.0,0.0012300000000000008
6497.0,0.0016800000000000012
6501.0,-0.0020100000000000014
6506.0,-0.0024700000000000017
6508.0,0.0032200000000000024
6515.0,0.0021100000000000016
6530.0,-0.0016200000000000012
6537.0,0.001580000000000001
6542.0,-0.0003200000000000001
6543.0,-0.0003399999999999997
6546.0,0.002500000000000002
6549.0,0.0022900000000000017
6561.0,-0.0008800000000000005
6563.0,-0.0022700000000000016
6569.0,-0.0006500000000000003
6575.0,-0.00031000000000000005
6585.0,0.0018900000000000015
6593.0,4.000000000000001e-05
6597.0,-0.0004
6598.0,0.0010300000000000005
6605.0,0.0026400000000000017
6606.0,-0.002940000000000002
6611.0,-0.0023800000000000015
6623.0,0.0016000000000000012
6640.0,-0.0006900000000000003
6650.0,0.001190000000000001
6663.0,-0.0019300000000000012
6664.0,0.0006900000000000005
6665.0,-0.0011
6670.0,-0.0013000000000000008
6674.0,0.00037
6682.0,-0.002830000000000002
6688.0,-0.0021300000000000017
6689.0,0.0023100000000000017
6691.0,-0.0009800000000000006
6705.0,0.002450000000000002
6710.0,-0.0026200000000000017
6713.0,-0.002710000000000002
6751.0,0.002670000000000002
6756.0,0.001580000000000001
6762.0,0.0009400000000000007
6769.0,-0.0018700000000000014
6778.0,0.0010600000000000006
6790.0,-0.0003500000000000001
6792.0,-0.0034100000000000024
6825.0,0.0018700000000000014
6832.0,0.0022600000000000016
6842.0,0.0014100000000000009
6844.0,0.0016000000000000012
6848.0,-0.0028100000000000017
6864.0,0.0002300000000000003
6868.0,0.001750000000000001
6870.0,-0.0022400000000000015
6911.0,0.0038300000000000022
6924.0,0.0018800000000000015
6925.0,-0.0060200000000000045
6933.0,-0.0010800000000000004
6936.0,0.00036000000000000013
6975.0,-0.002500000000000002
6982.0,-0.0030300000000000023
6986.0,-0.0013000000000000008
7009.0,-0.0035100000000000027
7015.0,0.0017200000000000013
7020.0,0.0001400000000000001
7021.0,-0.0014300000000000005
7029.0,-0.001660000000000001
7035.0,-0.001220000000000001
7056.0,-0.0020000000000000013
7057.0,-0.0012400000000000009
7088.0,-0.0011800000000000007
7095.0,-0.0012200000000000006
7105.0,-0.003110000000000002
7118.0,-0.0026400000000000017
7128.0,-0.001530000000000001
7133.0,-0.0019200000000000013
7138.0,0.0020000000000000013
7142.0,-0.0011300000000000008
7148.0,-0.0010600000000000006
7159.0,0.001820000000000001
7160.0,0.0009800000000000008
7172.0,-0.0006200000000000004
7173.0,-0.0020400000000000014
7191.0,0.0019500000000000014
7197.0,-0.002410000000000002
7201.0,-0.0066800000000000045
7212.0,0.002550000000000002
7213.0,-0.002930000000000002
7215.0,-0.002980000000000002
7221.0,0.0013000000000000006
7243.0,0.001560000000000001
7254.0,0.0018900000000000015
7264.0,-0.0022200000000000015
7268.0,-0.0025900000000000016
7273.0,0.001490000000000001
7277.0,0.001340000000000001
7279.0,0.0037000000000000028
7291.0,0.0020500000000000015
7300.0,-0.0017900000000000012
7328.0,-0.0025600000000000015
7329.0,-0.001340000000000001
7340.0,0.0018500000000000012
7357.0,-0.0017400000000000013
7365.0,-0.0009300000000000004
7398.0,0.0020600000000000015
7403.0,-0.0030300000000000023
7405.0,0.002910000000000002
7406.0,-0.0026400000000000017
7415.0,0.001390000000000001
7427.0,0.001570000000000001
7431.0,-0.0021200000000000017
7435.0,0.001610000000000001
7437.0,0.001660000000000001
7460.0,-0.0010800000000000009
7467.0,-0.0013000000000000008
7483.0,-0.0009100000000000002
7496.0,0.0018500000000000014
7502.0,0.0010700000000000006
7516.0,-0.0018500000000000012
7526.0,0.0019800000000000013
7531.0,-0.0013000000000000008
7534.0,0.0013100000000000008
7539.0,0.0020000000000000013
7540.0,0.0017000000000000012
7552.0,-0.0006900000000000003
7553.0,0.0009700000000000006
7563.0,-0.001360000000000001
7572.0,-0.001580000000000001
7576.0,-0.00035000000000000016
7577.0,-0.003800000000000003
7591.0,0.002550000000000002
7592.0,0.0033000000000000026
7601.0,-0.001700000000000001
7605.0,-0.0019600000000000017
7620.0,0.001760000000000001
7625.0,0.001580000000000001
7672.0,0.0013300000000000009
7695.0,-0.0018600000000000014
7700.0,0.0008400000000000006
7704.0,0.00045000000000000026
7711.0,0.0006200000000000001
7728.0,0.0009700000000000007
7745.0,-0.0015100000000000007
7748.0,0.0033000000000000026
7784.0,-0.002780000000000002
7788.0,-0.0016100000000000012
7795.0,-0.002720000000000002
7806.0,0.0012200000000000008
7828.0,-0.0012000000000000008
7861.0,-0.0019900000000000013
7869.0,-0.002730000000000002
7890.0,-0.001540000000000001
7892.0,0.0016100000000000012
7906.0,-0.0017500000000000013
7922.0,0.001270000000000001
7941.0,0.0020700000000000015
7951.0,-0.001600000000000001
7976.0,-0.0019400000000000014
7991.0,0.0024500000000000017
7998.0,0.001440000000000001
8003.0,-0.002060000000000001
8012.0,-0.0009000000000000005
8018.0,-0.0010600000000000008
8019.0,0.001100000000000001
8033.0,-0.0020400000000000014
8045.0,-0.001560000000000001
8046.0,-0.001780000000000001
8057.0,0.0021300000000000012
8072.0,-0.0017700000000000014
8078.0,0.0018700000000000014
8083.0,0.0010400000000000008
8089.0,0.0022500000000000016
8093.0,0.0021300000000000017
8108.0,-0.0019200000000000013
8111.0,0.0004100000000000003
8116.0,-0.0035100000000000027
8120.0,-0.0019300000000000012
8133.0,-0.0023000000000000017
8145.0,-0.0011400000000000008
8171.0,-0.0016500000000000009
8173.0,0.002390000000000002
8219.0,-0.0010900000000000005
8225.0,-0.0006200000000000004
8226.0,0.0009900000000000006
8228.0,-0.0001900000000000001
8246.0,0.0009000000000000005
8253.0,-0.0019500000000000012
8260.0,0.001580000000000001
8262.0,-0.0024600000000000017
8265.0,0.001270000000000001
8274.0,0.001560000000000001
8277.0,-0.0015900000000000011
8287.0,0.0033600000000000023
8296.0,-0.0036100000000000025
8299.0,0.0006200000000000004
8309.0,0.0011400000000000008
8313.0,0.003140000000000002
8314.0,-0.0048300000000000036
8324.0,-0.0007900000000000003
8346.0,0.0033200000000000018
8349.0,-0.0032700000000000025
8374.0,0.0012100000000000008
8380.0,-0.0015200000000000007
8390.0,0.0015200000000000012
8393.0,0.0017000000000000012
8400.0,0.0015100000000000011
8412.0,-0.0023100000000000017
8437.0,0.001580000000000001
8441.0,-0.0010100000000000007
8445.0,-0.0025900000000000016
8453.0,-0.0011200000000000008
8454.0,-0.0016300000000000012
8499.0,0.002390000000000002
8502.0,-0.0026100000000000016
8509.0,-0.001270000000000001
8520.0,-0.0019200000000000013
8521.0,-0.0017000000000000012
8522.0,0.0023000000000000017
8528.0,0.0018700000000000014
8539.0,-0.0018700000000000014
8547.0,0.001820000000000001
8552.0,-0.0011200000000000008
8569.0,0.0015200000000000012
8592.0,-0.002880000000000002
8618.0,-0.0026300000000000017
8626.0,-0.003150000000000002
8637.0,0.0005400000000000003
8642.0,-0.002210000000000002
8646.0,0.001570000000000001
8657.0,0.0021400000000000013
8665.0,0.001560000000000001
8667.0,0.0034000000000000024
8672.0,-0.0022200000000000015
8676.0,-0.0013100000000000008
8684.0,0.0032800000000000025
8724.0,-0.002340000000000002
8734.0,0.001340000000000001
8740.0,-0.0013000000000000006
8758.0,0.0028100000000000017
8772.0,-0.0032400000000000024
8782.0,0.001490000000000001
8788.0,-0.00026000000000000014
8791.0,-0.001570000000000001
8801.0,-0.0010300000000000008
8838.0,-0.0012000000000000005
8857.0,-0.0005100000000000001
8864.0,-0.0015000000000000011
8884.0,0.002880000000000002
8896.0,-0.0021500000000000017
8902.0,0.0008800000000000007
8906.0,0.0018900000000000015
8911.0,0.0010200000000000007
8933.0,0.0016700000000000011
8934.0,0.0021400000000000017
8938.0,0.0016500000000000013
8945.0,0.0021000000000000016
8948.0,-0.00020000000000000012
8953.0,0.001470000000000001
8960.0,-0.001090000000000001
8964.0,-0.0012800000000000008
8965.0,-0.0022100000000000015
8977.0,-0.001670000000000001
8999.0,-0.001370000000000001
9006.0,-0.001370000000000001
9009.0,0.004300000000000003
9010.0,0.0006100000000000004
9018.0,0.0022900000000000017
9024.0,0.0001700000000000001
9038.0,0.0006900000000000003
9078.0,0.0006800000000000004
9084.0,-0.0008100000000000004
9090.0,-0.0021300000000000017
9099.0,0.0023600000000000014
9108.0,-0.0007700000000000004
9140.0,0.0019400000000000014
9141.0,-0.0008900000000000006
9142.0,-0.001460000000000001
9156.0,-0.001400000000000001
9171.0,0.0009600000000000007
9186.0,0.002980000000000002
9187.0,0.0019100000000000013
9190.0,-0.0032600000000000025
9193.0,-0.0006400000000000004
9199.0,-0.0003700000000000002
9201.0,-0.0009100000000000005
9227.0,-0.0006200000000000002
9236.0,-0.0035400000000000028
9248.0,0.001440000000000001
9273.0,-0.0005800000000000001
9280.0,0.0019300000000000014
9292.0,-0.0018500000000000014
9299.0,0.0011400000000000008
9306.0,-0.0020800000000000016
9313.0,-0.002710000000000002
9322.0,-0.002460000000000002
9330.0,-0.0017300000000000013
9344.0,-0.0015300000000000008
9348.0,0.0026300000000000017
9364.0,0.001450000000000001
9367.0,0.0032100000000000023
9382.0,-0.0013300000000000009
9386.0,-0.0007900000000000004
9416.0,0.0024000000000000015
9430.0,0.0016900000000000012
9477.0,-0.0014500000000000008
9483.0,-0.0017300000000000013
9492.0,-0.0011100000000000007
9495.0,-0.0014100000000000009
9496.0,-0.0016700000000000011
9499.0,-0.001340000000000001
9507.0,0.0016900000000000012
