test_index,y_pred
4.0,-3.564005447370499
16.0,9.579799879189869
17.0,15.492243918508171
19.0,5.32508499959909
22.0,0.9575078034479305
35.0,14.445835559510732
46.0,13.409141053649256
50.0,9.292890580540421
93.0,21.15202702235093
116.0,0.968351639179224
119.0,-7.0866835463026465
127.0,22.4912463729163
149.0,22.90317268856416
153.0,2.6163164397679624
154.0,5.069482883274764
157.0,-1.4825048794893916
159.0,-17.08438981802123
180.0,11.579058513792239
190.0,7.1370418279731265
217.0,-3.7381790603421847
245.0,15.750243640566742
257.0,-8.49205186581059
263.0,10.880130967468409
268.0,1.3810721865481868
283.0,5.325168996807866
301.0,-6.330233309626857
304.0,1.3757592429664158
313.0,21.822914495881385
320.0,24.943848192695107
335.0,9.664135721989743
340.0,19.920477530215983
356.0,18.6243611612365
369.0,7.123169080829831
399.0,14.53359374319769
407.0,-6.971721148937599
431.0,4.811099488053975
443.0,-5.338014323227293
470.0,4.923604771486913
473.0,-5.208019994048977
476.0,11.050309158671672
487.0,15.002886045459041
489.0,12.865904548834129
496.0,6.280630559668458
511.0,40.278331325249844
512.0,10.758505621805176
515.0,13.3782295813345
517.0,17.32994257199949
521.0,16.512991722785166
537.0,1.0246557391024056
546.0,2.4979587312436764
559.0,25.51345138276441
569.0,-2.61142789705695
574.0,-6.240581397223872
580.0,8.320660934238282
606.0,14.272657503824695
625.0,2.4173597450789033
633.0,16.543477278304415
635.0,14.04138430410149
653.0,-0.2282176236153588
655.0,-38.97751448113001
656.0,-13.451990197151753
658.0,2.828222806273635
684.0,8.609673685233252
685.0,9.478978084353122
689.0,5.368517889510832
696.0,12.505746974950403
703.0,2.460809031971172
726.0,4.9514263909153495
740.0,7.389982334230131
758.0,14.236509952131092
761.0,-23.71052266970309
768.0,-3.3251582181610444
773.0,8.546280303747954
784.0,3.3410020782437244
789.0,-10.405990540019156
790.0,-11.894730986162353
797.0,9.875451558426454
801.0,4.38756771822421
822.0,27.503694720851065
827.0,15.748117998546723
830.0,-2.8993185679830673
833.0,-2.8993185679830673
837.0,0.49212809791879986
851.0,-4.292489597690514
853.0,13.749790832510376
866.0,-2.0895662844334253
876.0,-1.6507340992062551
895.0,9.418038693604677
902.0,21.0791148125195
911.0,3.029009995226835
920.0,11.119662586680311
927.0,5.636253504873485
935.0,0.8756887566486342
959.0,0.6888062757748288
961.0,-8.150779202738699
971.0,20.61907376720024
980.0,-6.303325491950654
991.0,4.090334378406402
992.0,-11.960035398558142
996.0,2.988441599426443
1002.0,41.65473099490482
1003.0,17.951218483193436
1008.0,10.14221414482052
1011.0,13.239639341680919
1015.0,4.853388608712072
1019.0,24.96150123781468
1039.0,3.925586928846093
1062.0,-0.7922594765618611
1069.0,19.984928799269262
1070.0,10.912127641407102
1072.0,14.93481471744247
1077.0,20.904968649841756
1081.0,-4.405287075747646
1092.0,8.232636351547859
1099.0,19.027562445375573
1115.0,17.99431332307575
1119.0,0.08186949107301311
1127.0,8.931669637070518
1139.0,40.33228072727059
1141.0,8.287877932158727
1148.0,7.341285956035568
1150.0,23.109030018632104
1166.0,-3.1681141446535945
1195.0,8.624421425890551
1199.0,-7.810624881230746
1203.0,3.065947452258007
1212.0,3.1593837686956534
1213.0,24.417651940860317
1219.0,24.881404165499283
1227.0,20.74037113457417
1243.0,7.029269379960061
1246.0,22.7426429860731
1260.0,0.6702011961133452
1279.0,22.84607604307258
1290.0,25.868866378134506
1299.0,-16.842505820092804
1311.0,10.195162144285637
1346.0,-14.377634186190614
1366.0,-64.53745256854296
1375.0,41.63352181234996
1383.0,39.54004927549989
1389.0,5.855029247256658
1407.0,-4.213518126627713
1423.0,-4.859108624068876
1446.0,8.645550289497129
1463.0,6.829326100385748
1468.0,-9.132254485299649
1469.0,48.69137993989944
1472.0,-19.12653086960085
1487.0,-14.46967330696088
1498.0,1.2752566718327274
1509.0,-8.29980889312946
1510.0,5.427435494967545
1519.0,8.92155906664039
1541.0,2.5960208444219064
1553.0,5.106200639232503
1568.0,5.506269915214949
1575.0,-10.82616924763533
1582.0,3.493982213725309
1598.0,-2.9889201708390316
1611.0,22.343884602957594
1637.0,15.675189287833296
1650.0,24.55718500113324
1654.0,14.589871782985432
1656.0,9.716839073002353
1670.0,7.302089723189743
1675.0,29.850512673718193
1676.0,-6.295127142492783
1714.0,-8.183226347934118
1719.0,17.48116866123133
1728.0,-7.795418407162169
1732.0,11.708401362617911
1735.0,95.206184010284
1747.0,-14.731825625633286
1761.0,8.140888090092636
1763.0,4.650830352201188
