test_index,y_pred
7.0,6.5414239779363115
11.0,6.543905860140185
25.0,10.649275981703475
36.0,10.657223184713992
39.0,10.659412331858796
53.0,15.381068848900142
54.0,15.381838257447448
61.0,15.38725040019797
73.0,15.396635332275473
85.0,21.671297929299087
92.0,21.6770139668431
94.0,21.678654414963205
126.0,37.62147421580758
127.0,37.622322983056435
144.0,37.63682647548705
157.0,46.45450022003288
165.0,46.46131687537304
166.0,46.46217033833989
174.0,46.46900907985758
180.0,55.2191281514784
189.0,55.22665649440941
194.0,55.23084341272631
196.0,55.23251907926381
210.0,63.471597403362736
234.0,70.80425294812068
254.0,9.172291783593415
264.0,9.17859870617557
272.0,9.183720889726182
275.0,14.265823735787784
278.0,14.268016953056076
281.0,14.270218823039244
291.0,14.277620865931468
318.0,19.570026867130565
322.0,19.573215238464144
341.0,26.39419200120291
342.0,26.395024214117264
346.0,26.3983602105909
389.0,43.26958065844881
402.0,52.41713334477923
408.0,52.42232771379402
409.0,52.42319409283463
412.0,52.42579434467891
428.0,61.40206343302546
438.0,61.41057627455032
448.0,61.41908941781838
454.0,69.74464639086506
464.0,69.7528702534041
467.0,69.75533416627361
472.0,69.75943735259101
474.0,69.76107745865423
477.0,77.0408381745846
482.0,77.04475060907119
484.0,77.04631338127531
491.0,77.05177316981526
493.0,77.05333027520935
504.0,15.103394173155579
537.0,21.934484975041947
545.0,21.940432002181396
552.0,21.94567793166319
562.0,21.95324053877537
569.0,21.958582237301748
579.0,28.174613217066636
582.0,28.17700120176589
585.0,28.179395293900136
594.0,28.186614201762346
606.0,28.196324836255528
631.0,35.89385600700989
634.0,35.89638835599786
640.0,35.90146712554484
641.0,35.9023154106268
642.0,35.90316421656884
646.0,35.906564647895756
651.0,44.693585307589046
658.0,44.69963573071708
660.0,44.70136750866042
697.0,54.16669171898642
715.0,54.18254804798023
718.0,54.185195481432785
723.0,63.76259303301147
733.0,63.7713796148838
738.0,63.77577122591354
740.0,63.77752755461837
750.0,63.78630647388108
755.0,63.79069421947232
756.0,63.79157163061184
758.0,63.7933263144828
762.0,72.99028478930957
770.0,72.99719550592644
771.0,72.99805830026476
784.0,73.0092534545129
793.0,73.01698087264498
802.0,81.35644521418384
819.0,81.37059057202163
822.0,81.37307472887201
829.0,81.3788569823755
830.0,81.37968140499532
846.0,88.4597933125017
854.0,88.46609904738035
857.0,88.46845467155897
878.0,11.094809617981646
890.0,11.102491900068117
898.0,11.107695444644946
901.0,16.808563827957236
949.0,22.458208778396028
958.0,22.465438843343065
965.0,29.59919863631304
971.0,29.60418061378874
1021.0,37.95383215995739
1057.0,56.353108566819344
1058.0,56.35398088507661
1062.0,56.3574712194093
1084.0,56.376698274447065
1090.0,65.44851200886153
1091.0,65.44937034040608
1106.0,65.46223583401631
1110.0,65.46566361720093
1117.0,65.47165916555258
1118.0,73.81856730645818
1119.0,73.81939827441106
1135.0,73.83265989285998
1136.0,73.83348662463462
1145.0,73.84091597070605
1151.0,81.06834852368988
1165.0,81.07937050235303
1177.0,81.0887560096943
1188.0,15.105905396549602
1201.0,15.114268479058872
1203.0,15.115569264441753
1205.0,21.934448137489568
1210.0,21.93815898762
1219.0,21.944889258604427
1223.0,21.94790142366802
1250.0,28.1865737157663
1256.0,35.877883014812014
1264.0,35.884567076243535
1268.0,35.88792163514799
1272.0,35.89128454182068
1274.0,35.89296912454421
1275.0,35.89381219807319
1285.0,44.69526563176109
1286.0,44.696129634922016
1288.0,44.69785867010489
1291.0,44.70045479423789
1296.0,44.7047885212269
1303.0,44.71087012012687
1307.0,54.157854789179076
1334.0,63.76517911775218
1369.0,72.99973218930336
1374.0,73.0040403462112
1384.0,81.35472265235299
1396.0,81.36472934530724
1399.0,81.36722196257546
1401.0,81.36888169354691
1421.0,88.46211244115692
1432.0,16.482147457440448
1434.0,16.483411707310353
1459.0,23.653356732415176
1463.0,23.656335121795088
1479.0,23.66837192333211
1497.0,30.075015063581834
1499.0,30.076621009591268
1504.0,30.080647067418152
1510.0,37.92904881070986
1513.0,37.931556655421076
1515.0,37.933230953832705
1525.0,37.941631253809966
1536.0,46.87550622410461
1540.0,46.878964219314184
1556.0,56.43577332477684
1570.0,56.44807434785625
1576.0,56.45335245202348
1608.0,75.35170715032498
1614.0,75.35689096517697
1628.0,75.36894727335957
1635.0,83.69524836825926
1638.0,83.69775405175186
1644.0,83.7027532731399
1669.0,90.736729487671
1670.0,90.7375186803346
1673.0,90.73988269948961
1674.0,90.74066951943496
1679.0,90.74459471871302
1685.0,7.869933725055603
1691.0,7.873685260203175
1692.0,7.874314335107449
1693.0,7.874944501065713
1700.0,7.879386209048256
1710.0,12.501448822404292
1715.0,12.505106790078223
1732.0,17.5264487564777
1746.0,17.53739818125195
1750.0,17.54055879904402
1757.0,24.099455862500534
1771.0,24.110948524927636
1792.0,31.917934842173004
1793.0,31.918784585471478
1798.0,31.92304233706201
1801.0,31.925604214224954
1809.0,40.55342742693779
1815.0,40.55858787625555
1825.0,40.56722277328679
1830.0,49.558150919919484
1838.0,49.5650214884625
1839.0,49.56588140783298
1842.0,49.568462629084934
1843.0,49.569323523708285
1862.0,58.45179835440285
1864.0,58.453488044082484
1870.0,58.45855862956284
1878.0,58.46532293316575
1884.0,66.75345072124625
1891.0,66.75916499083748
1897.0,66.76405881727261
1912.0,74.07675854130099
1914.0,74.07830927204523
1934.0,11.092038850453044
1948.0,11.100958448781782
1950.0,11.102249084757673
1952.0,11.103543821705486
1955.0,16.80826486087537
1980.0,22.444401850737222
1981.0,22.445188500754256
1995.0,22.45628508778558
2030.0,37.93018479822531
2048.0,37.945668562355834
2057.0,47.013503564489255
2065.0,47.020487349620495
2089.0,56.35971631886011
2102.0,56.37107572588945
2106.0,65.44642727058292
2127.0,65.4644389702779
2148.0,73.8331317340755
2159.0,81.06959209204035
2172.0,81.07981906492508
2174.0,81.08138649469913
2179.0,81.08529812110336
2186.0,16.484525633594046
2187.0,16.485160966074872
2195.0,16.490276605108313
2198.0,16.492210082631054
2206.0,23.65093726310674
2218.0,23.659881683317053
2222.0,23.662887808090694
2234.0,30.064426046061246
2237.0,30.066810967636666
2238.0,30.067607222014896
2252.0,30.078821979917002
2259.0,37.927985620156825
2264.0,37.93216536517778
2287.0,46.87613104106582
2290.0,46.87872498785681
2300.0,46.887390869740344
2303.0,46.88999644658367
2305.0,56.43465020530736
2313.0,56.44167603295523
2316.0,56.44431243892039
2320.0,56.4478291030306
2329.0,56.455747665182216
2365.0,75.35751256574272
2378.0,75.36870589671028
2400.0,83.70750439348741
2403.0,83.70998982547319
2407.0,90.7269947738599
2409.0,90.72858679516781
2415.0,90.73334863582053
2435.0,20.613614451622034
2446.0,20.62146772705764
2447.0,20.622186653401194
2457.0,20.629421661108054
2458.0,20.63014973533548
2476.0,23.6614192571124
2490.0,23.672016148406
2507.0,30.073238692757812
2527.0,37.92802876350423
2561.0,46.87617706294631
2563.0,46.87790606249891
2575.0,46.88830512091202
2578.0,46.89091159157054
2591.0,56.43996720391389
2613.0,56.459317971568105
2615.0,56.4610796156284
2617.0,66.10303919079607
2636.0,66.11972276147398
2640.0,66.12323082938944
2656.0,75.35669990054876
2667.0,75.36617735668588
2688.0,83.69924038247439
2698.0,83.70755442448166
2717.0,90.73181256650925
2723.0,90.73656018026281
2727.0,90.73971339562485
2729.0,90.74128644400943
2754.0,7.840493513935876
2761.0,7.844941963513477
2764.0,7.846864813962895
2777.0,7.85531064761247
2826.0,17.47240904169962
2863.0,24.035061054207944
2865.0,24.03669029408789
2866.0,24.037506058498188
2880.0,24.049006843522463
2883.0,24.051490738584327
2899.0,24.064853978833625
2910.0,31.843520365642892
2911.0,31.844366299678
2915.0,31.847756076585657
2928.0,31.85883956767534
2937.0,31.86657248200087
2938.0,31.867434709274477
2946.0,40.47591044010616
2948.0,40.47762590652576
2949.0,40.47848428298117
2950.0,40.47934308819473
2952.0,40.48106198469429
2962.0,40.48968217495631
2973.0,40.499213825096234
2977.0,40.50269270827398
2978.0,40.50356349741083
3000.0,49.490875478247645
3039.0,61.78895823051532
3054.0,61.8014793620012
3067.0,61.812330031529704
3092.0,66.68636424572979
3096.0,66.68962106092988
3109.0,73.98842526794807
3134.0,74.00777635517306
3136.0,74.00931760995188
3146.0,74.01700866636068
3166.0,13.057860546544035
3172.0,13.061744485979581
3176.0,13.06435348676316
3186.0,13.070944947527146
3194.0,19.340758845456065
3222.0,19.361852953319186
3267.0,25.314125751170494
3276.0,32.73119890715272
3282.0,32.73620682205983
3294.0,32.746285920969584
3312.0,32.76156257579436
3323.0,41.32406224784803
3339.0,41.337937153612685
3351.0,41.34841231770515
3358.0,50.60681078218333
3365.0,50.61295070556239
3366.0,50.61382872822904
3379.0,50.62526325345813
3383.0,50.628789116643404
3410.0,60.10339092491724
3418.0,60.11040924603838
3425.0,60.11655180710901
3427.0,60.118307084129974
3430.0,60.12094021436854
3441.0,72.73892209785919
3447.0,72.74403555512683
3451.0,72.74743998289678
3466.0,72.76017415127211
3495.0,77.65730162182163
3511.0,77.67054130244472
3514.0,77.67301439706078
3536.0,84.83844484974958
3552.0,84.85098009449678
3570.0,19.174615955283095
3571.0,19.17525195032936
3576.0,19.178444845797593
3584.0,19.183598259227345
3594.0,19.19011750389427
3615.0,26.942706318285822
3623.0,26.94870620649499
3627.0,26.95172302685463
3630.0,26.95399302307372
3631.0,26.954751094129172
3648.0,33.6493507496469
3692.0,41.779253700222014
3700.0,41.78593621368698
3704.0,41.78928711348212
3708.0,41.792644437627956
3710.0,41.79432550780929
3717.0,41.80022188901671
3726.0,50.93267975390253
3730.0,50.93612080768546
3754.0,50.9568396377014
3779.0,60.6606475472298
3784.0,60.66502494817459
3820.0,70.4117858189112
3828.0,70.41877220180365
3841.0,70.43010043983357
3874.0,83.13143153069132
3886.0,83.14150584972757
3899.0,87.94100963119106
3903.0,87.94432564206993
3904.0,87.9451533040855
3963.0,94.85458202167055
3980.0,28.613951148922055
3984.0,28.616386431957714
4000.0,28.626234649746273
4020.0,37.93110491167363
4031.0,37.93898151938869
4040.0,37.94546919171755
4046.0,45.337513814410855
4058.0,45.34662761741211
4068.0,45.35425869537518
4075.0,45.359620026900004
4079.0,45.36269087626306
4082.0,54.011338095614434
4089.0,54.01692129684475
4093.0,54.02011507410124
4094.0,54.02091390162826
4096.0,54.022512016195776
4097.0,54.02331130313988
4100.0,54.02571008202325
4103.0,54.02811023696436
4105.0,54.02971110408434
4115.0,54.03772459094142
4149.0,63.56232905105292
4162.0,73.42836963557895
4166.0,73.43172487725356
4170.0,73.43507625908562
4172.0,73.43675050153804
4176.0,73.44009608747731
4181.0,73.44427263012999
4188.0,73.45010962420021
4192.0,83.13386516249058
4202.0,83.14226986115426
4229.0,92.14285903832602
4250.0,92.16015800476549
4255.0,92.1642363795432
4258.0,92.16667593522135
4306.0,106.25183890559236
4316.0,106.25942644603379
4319.0,106.26168499406319
4338.0,106.27579917068601
4387.0,60.7698099445735
4388.0,60.769894406083324
4395.0,60.77048608064928
4413.0,60.772011087309195
4414.0,60.77209595969349
4430.0,66.52654176013665
4437.0,66.52717680058993
4438.0,66.52726711601427
4442.0,66.52762736589007
4447.0,66.52807540122458
4455.0,66.52878699372863
4459.0,66.52914035969003
4464.0,72.75970469552297
4469.0,72.76019224661232
4470.0,72.76028907340466
4485.0,72.7617141333383
4488.0,72.76199299239678
4489.0,72.76208548957123
4495.0,72.76263568585355
4522.0,79.15554640087825
4533.0,79.15659024234023
4536.0,79.1568674106438
4546.0,85.36227182749018
4549.0,85.36258799303901
4553.0,85.36300277192154
4556.0,85.36330877447499
4590.0,91.04103697506008
4592.0,91.04124698760732
4614.0,91.04339888297953
4628.0,95.87831448545953
4643.0,95.87983693148132
4650.0,95.88049368112648
4665.0,95.88178586479893
4673.0,99.62622377798084
4676.0,99.62652335256345
4682.0,99.62710160723122
4693.0,99.62808938031122
4704.0,99.62898350430359
4716.0,5.5225171251174245
4717.0,5.523130162178269
4720.0,5.524976106830685
4721.0,5.5255936994132
4731.0,5.5318322522286465
4738.0,5.536266976606157
4746.0,5.541403520369954
4769.0,9.20893094173158
4772.0,9.211125543659499
4780.0,9.217024611402557
4788.0,9.222991727706102
4789.0,9.223742400751782
4793.0,13.673371091195797
4807.0,13.684112788445915
4815.0,13.690336524189306
4816.0,13.691118867977167
4831.0,13.702970694123202
4842.0,19.716808755135872
4851.0,19.72409765718372
4861.0,19.732277189953066
4870.0,19.739711407090013
4875.0,27.024486058859743
4884.0,27.03195184503692
4885.0,27.032784886476826
4888.0,27.035288221050912
4902.0,27.047053915970338
4931.0,35.249036678136974
4932.0,35.2498854170326
4933.0,35.250734690463716
4937.0,35.25413712851106
4942.0,35.25840219689513
4943.0,35.25925681282951
4953.0,35.26783233158504
4966.0,43.91055346465248
4996.0,55.91088818201186
4997.0,55.91170566605269
5010.0,55.92234342079232
5019.0,55.929719364296766
5043.0,60.75110130269113
5046.0,60.75350106631342
5048.0,60.7551009912593
5051.0,60.75750100149592
5052.0,60.758301037464875
5056.0,60.76150134282509
5058.0,60.76310159171167
5059.0,60.76390174003542
5060.0,60.764701904215435
5066.0,60.76950321953021
5080.0,68.08203429604079
5082.0,68.08355509005024
5094.0,68.09266872376148
5110.0,68.1047904507889
5116.0,68.10932728804531
5120.0,14.259223023326506
5134.0,14.268142490186293
5151.0,14.279226492179923
5164.0,20.88193634464973
5165.0,20.8826832156738
5169.0,20.885678967313844
5173.0,20.88868794482496
5183.0,20.896268232505186
5184.0,20.89703080488104
5214.0,27.01476359728013
5217.0,27.01718461857253
5221.0,27.02042246989007
5233.0,34.603276147012025
5273.0,43.331622679896164
5340.0,52.75499562211002
5346.0,62.28859998082391
5357.0,62.29826000143333
5359.0,62.300016174274425
5364.0,62.304406338874045
5371.0,62.31055191680904
5373.0,62.312307654146956
5374.0,62.313185498871164
5392.0,71.5038184881106
5410.0,71.51930205357759
5433.0,79.87941380374112
5437.0,79.88273314277028
5454.0,87.00005301114386
5455.0,87.00084858949026
5469.0,87.0119324028323
5472.0,87.01429431516975
5476.0,87.0174362850551
5478.0,87.01900416346179
5489.0,25.323313163542927
5498.0,25.32885831916584
5516.0,25.34012754293628
5528.0,34.18838762981082
5536.0,34.19418326615029
5542.0,34.19855335574472
5548.0,34.202943459548024
5549.0,34.20367708866484
5565.0,41.417329585568226
5569.0,41.420422717435514
5601.0,49.963400683392834
5622.0,49.98051717820972
5645.0,59.431365563660535
5654.0,59.438942240738335
5689.0,69.32570233972079
5690.0,69.32655691262129
5702.0,69.33679945056667
5718.0,79.09937751074736
5743.0,79.12066869642551
5768.0,88.25174476175462
5773.0,88.25591308297294
5779.0,88.26089714878016
5804.0,96.2721283425157
5826.0,102.77320074162313
5827.0,102.77397715005065
5843.0,102.78628576251194
5854.0,102.79462347556705
5881.0,36.71629590820383
5897.0,46.73006101503189
5899.0,46.73137666631553
5905.0,46.73533085660801
5927.0,46.74992229799507
5936.0,54.33815864551064
5937.0,54.338862829943764
5948.0,54.34661854851949
5967.0,54.360056505371496
5990.0,63.05874535522394
5997.0,63.06392884117346
6001.0,63.06689015125608
6017.0,72.45057309300316
6019.0,72.45210432035181
6029.0,72.45974716642135
6066.0,82.06500265041441
6076.0,82.07271817469514
6080.0,82.07579269585763
6088.0,91.3453799031048
6090.0,91.34693954027848
6104.0,91.35778918469477
6109.0,91.36163528084226
6115.0,91.3662305909554
6125.0,99.81776289210009
6128.0,99.82006331240187
6134.0,99.8246431577901
6154.0,99.83970701649419
6155.0,107.01671032637398
6161.0,107.02119078838194
6164.0,107.02341854870441
6169.0,107.02711300326712
6191.0,107.04309405257686
6201.0,112.60815884626379
6202.0,112.60886302570893
6225.0,112.62477271710574
6228.0,112.62680740482469
6236.0,0.5169326927971625
6286.0,12.137888072581362
6295.0,12.15105649991279
6296.0,12.152539743134682
6301.0,12.160016186066663
6302.0,12.161523517466492
6308.0,18.442800426784544
6312.0,18.448747400340892
6328.0,25.48319350944307
6395.0,47.27050852549581
6424.0,1.9578923683386833
6430.0,1.961499473306553
6435.0,1.964538690853189
6442.0,3.629767506561457
6447.0,3.6331461711100843
6448.0,3.6338254361600093
6455.0,3.638613253135418
6457.0,3.639991794396323
6465.0,3.6455530323795315
6470.0,3.6490670459825623
6482.0,6.911984865544156
6488.0,6.9163327619167845
6494.0,6.920720636208813
6505.0,6.928868871928948
6506.0,6.92961627993936
6510.0,6.932617008406389
6521.0,11.753068201716552
6528.0,11.758405306607735
6534.0,11.763019436662972
6549.0,17.91899641847921
6558.0,17.92600807621467
6562.0,17.92914742947218
6564.0,17.93072242642132
6579.0,17.942647917361704
6582.0,17.945056939160516
6608.0,25.12210963242854
6611.0,25.124526243456344
6616.0,25.128568729065215
6624.0,32.916164341908654
6640.0,32.92885946527866
6641.0,32.92965785706187
6650.0,32.93686955189652
6651.0,32.93767375806951
6669.0,40.937964545267604
6670.0,40.93874372721727
6681.0,40.947342381157725
6689.0,40.95362776574133
6690.0,40.95441532134463
6702.0,48.73944625632893
6735.0,55.95496263175642
6745.0,55.962096473678294
6750.0,55.965667662928475
6773.0,4.27361194790754
6774.0,4.274818934783674
6777.0,4.278467837504984
6812.0,17.197695189626465
6813.0,17.199310458486032
6816.0,24.171199970312564
6825.0,24.185966180976912
6829.0,24.19260792899798
6830.0,32.09556039561592
6839.0,32.1105266388397
6842.0,32.11555848167991
6850.0,40.53720373112695
6869.0,49.02975960245816
6870.0,49.03139587527688
6899.0,64.44678048508949
6909.0,4.2747871566195315
6918.0,4.285859576931443
6928.0,7.367786088152165
6930.0,7.3706606516435755
6938.0,17.183276140990777
6942.0,17.18962902952238
6948.0,17.19926656073499
6953.0,24.174414080038268
6957.0,24.1809707658838
6960.0,24.18592018624495
6966.0,32.09716632163378
6970.0,32.10380361635424
6978.0,32.117193139271485
6988.0,40.54214830686645
6996.0,49.016658195040755
7001.0,49.024808990131824
7007.0,49.03462356977202
7009.0,49.03790323414089
7012.0,57.11614462923359
7018.0,57.125597660565184
7025.0,64.43327354938032
7029.0,64.43925887888653
7049.0,4.28096015551499
7052.0,4.284678898406014
7056.0,4.289702388222281
7067.0,7.366436018085949
7079.0,7.3838947651185265
7081.0,17.180212746476123
7083.0,17.183367541843552
7093.0,17.199357961655103
7095.0,17.202599312372612
7103.0,24.174509106788932
7104.0,24.176143719093957
7105.0,24.17778137112336
7107.0,24.181065792757856
7113.0,24.190991969350016
7161.0,49.01675501851617
7175.0,49.039641413983816
7179.0,49.046216989590455
7187.0,57.1241154899534
7215.0,64.45578936148652
7222.0,5.459814839516184
7229.0,5.468448000665305
7258.0,9.134806202556796
7265.0,19.60047175273266
7274.0,19.615109846905284
7281.0,26.8945023277931
7282.0,26.89615540687214
7291.0,26.911159932042118
7314.0,35.116473012475524
7334.0,43.77345211569835
7342.0,52.400348801278625
7365.0,60.59270828783119
7369.0,60.59910453856721
7373.0,60.60550202674424
7376.0,60.610300939929914
