test_index,y_pred
21.0,5.70850944519043
22.0,5.256678581237793
34.0,4.876914024353027
56.0,6.109050273895264
64.0,4.4508280754089355
89.0,4.544116497039795
104.0,4.626256465911865
132.0,5.285348892211914
133.0,5.466521739959717
161.0,4.455493927001953
183.0,5.160706520080566
191.0,5.162354469299316
197.0,6.713946342468262
201.0,5.445371627807617
202.0,4.791210174560547
209.0,6.042608261108398
212.0,6.362263202667236
222.0,4.386892318725586
224.0,5.843347072601318
227.0,5.414230823516846
232.0,5.006541728973389
233.0,5.170456409454346
235.0,5.701406002044678
242.0,5.397442817687988
252.0,5.670754909515381
266.0,5.67206335067749
270.0,6.110930919647217
292.0,6.221126079559326
301.0,5.642648696899414
320.0,6.613683223724365
325.0,5.177847385406494
334.0,6.490719318389893
339.0,6.542818546295166
344.0,6.363522529602051
347.0,7.1773552894592285
356.0,6.226535797119141
358.0,6.247544765472412
368.0,5.052460670471191
371.0,5.666493892669678
376.0,5.570377826690674
378.0,7.859220027923584
391.0,6.0890913009643555
393.0,4.816146373748779
401.0,5.993945121765137
404.0,4.998298645019531
406.0,5.8589019775390625
412.0,4.93099308013916
447.0,6.190577507019043
456.0,5.319991588592529
462.0,7.091408729553223
474.0,6.349487781524658
476.0,6.032561302185059
480.0,6.644672393798828
499.0,6.066115379333496
509.0,6.877395153045654
513.0,6.94943904876709
519.0,5.337666034698486
520.0,6.587689399719238
536.0,4.890355587005615
581.0,4.960768699645996
588.0,6.986471176147461
597.0,5.874417781829834
603.0,4.815855026245117
614.0,5.332711219787598
617.0,6.483765602111816
625.0,5.245563983917236
626.0,4.276918888092041
627.0,4.276918888092041
631.0,6.197722911834717
664.0,6.124531269073486
667.0,5.728130340576172
686.0,5.2561774253845215
705.0,4.086020469665527
711.0,5.273819923400879
712.0,5.528403282165527
716.0,5.207024097442627
729.0,6.816289901733398
738.0,5.155196189880371
743.0,5.178144931793213
748.0,5.908900260925293
750.0,5.32582426071167
792.0,5.256743431091309
798.0,5.845856666564941
806.0,5.750076770782471
809.0,5.630041599273682
820.0,5.451590538024902
823.0,5.559049606323242
826.0,5.486345291137695
837.0,7.010530471801758
842.0,5.68571662902832
843.0,4.600912094116211
871.0,6.005730628967285
872.0,5.3690619468688965
889.0,5.474606513977051
891.0,5.450634479522705
965.0,6.6350321769714355
966.0,6.446975231170654
968.0,6.59919548034668
974.0,7.283561706542969
975.0,5.2750043869018555
1014.0,5.0236992835998535
1020.0,5.9789228439331055
1029.0,6.736401081085205
1038.0,6.7136359214782715
1045.0,5.8596343994140625
1054.0,4.635295391082764
1064.0,5.621389865875244
1080.0,4.669453144073486
1092.0,6.395078659057617
1103.0,6.171433925628662
1109.0,5.307650089263916
1116.0,6.316998481750488
1127.0,5.322890281677246
1138.0,5.045003890991211
1141.0,6.278134822845459
1159.0,5.972883701324463
1161.0,6.178145408630371
1167.0,7.0827765464782715
1174.0,5.739955425262451
1179.0,6.696774005889893
1181.0,6.755620956420898
1214.0,5.5371246337890625
1220.0,6.055586814880371
1222.0,5.2785820960998535
1226.0,4.877315998077393
1231.0,5.683441162109375
1242.0,5.95943546295166
1259.0,6.247457504272461
1263.0,4.871066570281982
1283.0,5.6949849128723145
1304.0,4.903141975402832
1305.0,5.05911111831665
1310.0,5.05911111831665
1313.0,5.202242374420166
1315.0,5.220311641693115
1318.0,5.220311641693115
1325.0,5.757979869842529
1339.0,5.893333435058594
1349.0,5.263340950012207
1359.0,6.0889058113098145
1363.0,4.667868137359619
1367.0,5.161629676818848
1377.0,6.486703395843506
1382.0,5.163723468780518
1386.0,5.595378875732422
1387.0,5.595378875732422
1394.0,4.938351631164551
1415.0,5.592227935791016
1419.0,4.959101676940918
1422.0,6.11834192276001
1439.0,5.81840181350708
1441.0,5.4728803634643555
1446.0,5.832927703857422
1478.0,4.544010639190674
1485.0,5.785614013671875
1500.0,4.915886878967285
1508.0,5.917737007141113
1531.0,5.271650314331055
1541.0,6.111346244812012
1543.0,5.662014484405518
1558.0,4.794188022613525
1568.0,4.717761993408203
1569.0,5.711534023284912
1573.0,6.538050174713135
1583.0,5.143293857574463
1587.0,6.3268961906433105
1596.0,6.005579471588135
1618.0,5.280578136444092
1625.0,6.3292951583862305
1627.0,5.210265159606934
1629.0,5.502988815307617
1644.0,5.952988147735596
1651.0,6.7040815353393555
1658.0,6.76563024520874
1659.0,6.386343479156494
1666.0,5.0664262771606445
1678.0,4.939044952392578
1684.0,5.678272247314453
1685.0,5.249951362609863
1699.0,5.258712291717529
1702.0,5.102898120880127
1721.0,6.129242897033691
1724.0,6.261248588562012
1760.0,5.791178226470947
1763.0,5.579987525939941
1764.0,5.882313251495361
1765.0,5.591587543487549
1772.0,6.928968906402588
1794.0,5.256968975067139
1810.0,6.6046295166015625
1813.0,6.9817795753479
1822.0,6.0384392738342285
1824.0,5.085683345794678
1831.0,5.721083164215088
1857.0,6.790895462036133
1866.0,5.403904914855957
1877.0,5.242659091949463
1888.0,6.850748062133789
1909.0,6.848426818847656
1918.0,5.795036792755127
1930.0,6.384316921234131
1939.0,5.536247730255127
1958.0,6.539366245269775
1963.0,6.523211479187012
1977.0,5.512603282928467
1979.0,6.8398919105529785
1991.0,5.7183074951171875
2001.0,4.980679512023926
2004.0,5.398060321807861
2006.0,4.5818305015563965
2011.0,5.347984790802002
2026.0,5.526308536529541
2059.0,5.429340839385986
2092.0,6.510911464691162
2098.0,4.0741472244262695
2105.0,4.9506635665893555
2114.0,5.655860424041748
2134.0,5.161601543426514
2160.0,5.213815689086914
2163.0,5.000827789306641
2165.0,5.664268970489502
2188.0,6.027976989746094
2220.0,5.2207794189453125
2224.0,6.14296817779541
2228.0,5.458052635192871
2242.0,5.402875900268555
2265.0,7.471124649047852
2268.0,5.572216510772705
2269.0,5.362034320831299
2277.0,6.764186859130859
2279.0,5.465223789215088
2280.0,4.2560038566589355
2289.0,6.410921573638916
2296.0,4.941431999206543
2315.0,5.70768928527832
2317.0,6.986911296844482
2327.0,6.160991668701172
2350.0,6.363763809204102
2355.0,5.224928379058838
2362.0,5.936034679412842
2384.0,5.989365100860596
2386.0,5.928595066070557
2400.0,5.309093475341797
2403.0,5.539976596832275
2413.0,5.009866237640381
2414.0,5.061649799346924
2423.0,4.757772445678711
2426.0,7.259218692779541
2427.0,6.086294174194336
2433.0,5.746747016906738
2437.0,7.811875343322754
2448.0,6.326165199279785
2458.0,4.9263458251953125
2462.0,6.5794172286987305
2491.0,6.110238075256348
2501.0,4.72151517868042
2523.0,6.788775444030762
2574.0,5.172911643981934
2577.0,6.811190605163574
2595.0,5.220153331756592
2602.0,5.757666110992432
2621.0,6.344859600067139
2648.0,7.2000651359558105
2650.0,6.783264636993408
2652.0,5.138355255126953
2674.0,7.035619258880615
2704.0,6.27883243560791
2711.0,5.849310398101807
2730.0,5.7933855056762695
2748.0,6.0408124923706055
2762.0,5.040031909942627
2780.0,5.260793685913086
2800.0,6.053592205047607
2822.0,6.0539937019348145
2826.0,6.1735920906066895
2836.0,6.226388454437256
2855.0,5.942645072937012
2870.0,4.937160015106201
2896.0,7.027420997619629
2902.0,6.197019577026367
2903.0,4.355587482452393
2916.0,6.550223350524902
2917.0,6.6374125480651855
2934.0,5.861109733581543
2956.0,5.565041542053223
2969.0,5.2568583488464355
2972.0,4.435715198516846
2979.0,6.896345138549805
2983.0,4.9097723960876465
2986.0,6.458680629730225
2987.0,6.660258769989014
2989.0,5.957815170288086
3047.0,5.91842794418335
3053.0,5.683395862579346
3061.0,5.91842794418335
3066.0,6.973979473114014
3078.0,6.12717866897583
3095.0,4.427478313446045
3110.0,5.5190839767456055
3125.0,4.756717681884766
3137.0,5.668167591094971
3150.0,6.0185980796813965
3162.0,6.766913890838623
3179.0,4.6287384033203125
3183.0,4.996034622192383
3190.0,6.482059001922607
3196.0,5.594069957733154
3200.0,5.632992744445801
3217.0,4.612656593322754
3223.0,6.705669403076172
3224.0,6.0927042961120605
3232.0,6.190441131591797
3234.0,6.078279972076416
3241.0,6.921924114227295
3263.0,5.730473518371582
3264.0,6.697547435760498
3273.0,5.769211769104004
3285.0,6.133796215057373
3292.0,5.2189764976501465
3293.0,5.932243347167969
3301.0,3.7417502403259277
3306.0,5.137340068817139
3308.0,6.0512189865112305
3324.0,5.567803382873535
3329.0,4.92099666595459
3333.0,5.7054572105407715
3347.0,5.321746826171875
3360.0,5.749327182769775
3361.0,6.54893159866333
3370.0,6.208775997161865
3384.0,5.999855041503906
3390.0,5.319098472595215
3391.0,5.562438488006592
3400.0,5.064439296722412
3403.0,4.699132442474365
3412.0,5.64780855178833
3431.0,6.876719951629639
3496.0,4.91243839263916
3498.0,7.335735321044922
3523.0,4.857655048370361
3544.0,6.2331318855285645
3551.0,7.444271087646484
3575.0,6.229192733764648
3581.0,7.972756385803223
3582.0,7.972756385803223
3593.0,6.080095291137695
3602.0,5.994159698486328
3620.0,5.846089839935303
3629.0,5.951333522796631
3641.0,5.274288177490234
3650.0,5.428929805755615
3664.0,5.369942665100098
3667.0,6.737894535064697
3671.0,6.196828842163086
3685.0,5.825459957122803
3696.0,6.162046909332275
3715.0,6.6027350425720215
3722.0,5.212751865386963
3736.0,5.241153240203857
3738.0,5.393974304199219
3740.0,5.456785678863525
3742.0,6.8287882804870605
3747.0,5.393974304199219
3750.0,5.456785678863525
3755.0,5.103949069976807
3758.0,4.876448631286621
3771.0,4.901199817657471
3777.0,5.435428142547607
3778.0,5.885576248168945
3789.0,7.305068016052246
3793.0,6.342774868011475
3808.0,6.146163463592529
3821.0,6.722137451171875
3843.0,5.200624465942383
3845.0,4.213914394378662
3849.0,5.18294620513916
3855.0,6.5895891189575195
3856.0,5.227547645568848
3863.0,6.3630805015563965
3867.0,5.331140995025635
3883.0,4.992788791656494
3886.0,5.452260971069336
3893.0,7.305536270141602
3894.0,5.612779140472412
3896.0,5.762129783630371
3914.0,6.272119045257568
3928.0,5.385573863983154
3951.0,4.953197956085205
3972.0,3.6791224479675293
3986.0,4.453817844390869
3994.0,5.934305191040039
4009.0,5.794204235076904
4036.0,6.015528202056885
4037.0,5.069214820861816
4039.0,6.129083633422852
4048.0,7.05654764175415
4050.0,5.10438346862793
4060.0,5.0503387451171875
4070.0,6.974883556365967
4072.0,5.477849006652832
4088.0,4.8265862464904785
4134.0,5.869011402130127
4178.0,5.419745922088623
4193.0,6.957300662994385
4211.0,7.1042866706848145
4213.0,5.622955799102783
4232.0,5.568445205688477
4236.0,5.589627265930176
4251.0,6.915127754211426
4259.0,5.2362236976623535
4261.0,6.260993003845215
4278.0,5.602649688720703
4283.0,6.968751907348633
4285.0,6.702145576477051
4320.0,5.749663829803467
4330.0,5.686178684234619
4345.0,6.327345371246338
4369.0,5.17845344543457
4370.0,5.9091410636901855
4381.0,6.0332560539245605
4388.0,5.219662189483643
4389.0,6.0332560539245605
4396.0,5.099031925201416
4398.0,6.824819564819336
4406.0,5.8247151374816895
4414.0,5.9154534339904785
4419.0,5.188388824462891
4420.0,5.908933639526367
4431.0,6.338990688323975
4435.0,5.57899284362793
4438.0,5.712220668792725
4445.0,7.0669403076171875
4448.0,4.858739852905273
4458.0,6.461303234100342
4471.0,8.302145004272461
4476.0,6.016629695892334
4479.0,5.768661022186279
4488.0,6.50815486907959
4491.0,5.2113118171691895
4508.0,6.809837341308594
4531.0,5.946242809295654
4543.0,6.088284492492676
4547.0,4.924935817718506
4556.0,6.641970157623291
4557.0,5.559811592102051
4584.0,7.005147457122803
4592.0,6.943851470947266
4596.0,5.995799541473389
4609.0,5.571763515472412
4628.0,7.694708824157715
4635.0,5.892643928527832
4653.0,6.922236919403076
4665.0,5.058609962463379
4680.0,6.060534954071045
4699.0,6.3896098136901855
4706.0,6.063597202301025
4717.0,6.652812957763672
4719.0,5.200464725494385
4725.0,5.878768444061279
4739.0,5.394484519958496
4740.0,5.5311713218688965
4743.0,5.985877513885498
4744.0,5.985877513885498
4746.0,6.125951290130615
4756.0,6.966709136962891
4768.0,5.914345741271973
4778.0,4.781567573547363
4781.0,5.430182456970215
4787.0,6.500507831573486
4791.0,6.011730670928955
4798.0,6.578946113586426
4809.0,4.774991035461426
4811.0,5.939365386962891
4817.0,4.97186279296875
4818.0,7.33316707611084
4837.0,5.50339937210083
4847.0,6.410663604736328
4852.0,6.283703804016113
4856.0,6.3407416343688965
4878.0,6.180773735046387
4891.0,5.290496349334717
4902.0,7.435513973236084
4904.0,6.419383525848389
4910.0,6.84500789642334
4923.0,6.387604236602783
4929.0,5.5685930252075195
4937.0,5.772843360900879
4952.0,7.0479912757873535
4953.0,6.7306036949157715
4966.0,6.184446334838867
4967.0,6.074494361877441
4970.0,6.092517852783203
4971.0,6.524570465087891
4973.0,5.905918121337891
4982.0,6.570661544799805
4987.0,6.215134143829346
4991.0,6.481152534484863
5018.0,6.978133201599121
5026.0,6.408138275146484
5050.0,6.866085052490234
5066.0,5.420547962188721
5068.0,5.981688499450684
5083.0,7.894965171813965
5090.0,5.322147846221924
5107.0,5.2504754066467285
5122.0,4.129920482635498
5123.0,6.337703704833984
5131.0,5.8963623046875
5134.0,5.275077819824219
5139.0,7.121199131011963
5148.0,6.163635730743408
5169.0,6.650417804718018
5179.0,5.967360496520996
5182.0,5.55832052230835
5183.0,6.964725017547607
5186.0,6.926587104797363
5191.0,6.723446369171143
5195.0,6.137963771820068
5205.0,5.005190372467041
5214.0,5.805070400238037
5217.0,6.722264766693115
5219.0,6.304500579833984
5228.0,5.6927361488342285
5241.0,6.554855823516846
5245.0,5.01229190826416
5259.0,7.54429292678833
5293.0,5.416987419128418
5304.0,5.903390407562256
5320.0,5.284053802490234
5339.0,6.999321460723877
5344.0,6.999321460723877
5358.0,5.977445602416992
5383.0,5.276566028594971
5386.0,5.567309379577637
5388.0,5.456437110900879
5390.0,5.302331447601318
5404.0,6.105541229248047
5410.0,5.6371331214904785
5421.0,5.803976535797119
5424.0,6.576452732086182
5428.0,6.85659646987915
5436.0,5.927945613861084
5451.0,6.063064098358154
5456.0,6.7278571128845215
5465.0,6.133872985839844
5494.0,6.37275505065918
5504.0,7.324108123779297
5505.0,7.324108123779297
5508.0,6.7719950675964355
5521.0,6.9570159912109375
5544.0,6.5545573234558105
5547.0,5.48338508605957
5553.0,4.957523345947266
5570.0,6.091516494750977
5579.0,5.864146709442139
5582.0,5.869531154632568
5590.0,5.741276264190674
5595.0,6.683311939239502
5601.0,5.9238667488098145
5608.0,6.555989742279053
5620.0,5.972160816192627
5623.0,7.172896862030029
5647.0,6.883756160736084
5654.0,6.534986972808838
5655.0,5.967118263244629
5666.0,5.836668968200684
5681.0,6.055735111236572
5683.0,6.13129997253418
5690.0,5.93691349029541
5691.0,5.048924922943115
5704.0,6.339901924133301
5709.0,5.618841648101807
5730.0,4.697232723236084
5731.0,4.697232723236084
5745.0,4.74146032333374
5746.0,6.634763240814209
5759.0,6.988979816436768
5764.0,6.399414539337158
5788.0,6.2559943199157715
5796.0,5.4032416343688965
5803.0,6.26080846786499
5807.0,6.344470024108887
5858.0,6.315426349639893
5863.0,6.731463432312012
5898.0,5.453214168548584
5909.0,5.710235595703125
5924.0,5.113707542419434
5927.0,5.932253837585449
5928.0,5.139533042907715
5937.0,8.022174835205078
5945.0,5.572190284729004
5967.0,6.499096870422363
5975.0,5.190262794494629
5991.0,5.036342144012451
6013.0,6.71964168548584
6017.0,5.984978199005127
6028.0,5.881906509399414
6037.0,5.757596969604492
6041.0,5.482316970825195
6053.0,5.951930999755859
6074.0,6.872443199157715
6086.0,5.820577621459961
6092.0,6.241040229797363
6094.0,5.209255218505859
6096.0,4.845566749572754
6097.0,5.957285404205322
6100.0,4.7134504318237305
6109.0,7.571044445037842
6130.0,5.710268020629883
6155.0,7.043875217437744
6161.0,6.385643005371094
6165.0,6.4364166259765625
6167.0,6.340025901794434
6180.0,6.825793743133545
6181.0,6.076003074645996
6201.0,6.2794342041015625
6206.0,5.875912666320801
6209.0,5.922516822814941
6218.0,4.792905807495117
6234.0,5.5523200035095215
6238.0,4.9062180519104
6251.0,5.303192138671875
6255.0,6.838140964508057
6258.0,6.104328155517578
6260.0,5.290541648864746
6262.0,6.965929985046387
6272.0,7.091153621673584
6273.0,6.523153305053711
6281.0,5.220403671264648
6305.0,6.951992511749268
6308.0,7.084535121917725
6337.0,6.784532070159912
6344.0,5.304051399230957
6352.0,6.498117446899414
6362.0,6.534096717834473
6389.0,6.6513190269470215
6395.0,6.954611778259277
6402.0,6.756301403045654
6415.0,5.8825459480285645
6416.0,6.4828410148620605
6420.0,4.988148212432861
6424.0,6.400463104248047
6430.0,4.970215797424316
6447.0,6.3431501388549805
6453.0,6.69367790222168
6454.0,6.316920757293701
6475.0,6.56787109375
6483.0,5.836557865142822
6485.0,6.4023590087890625
6491.0,6.646199703216553
