test_index,y_pred
9.0,4.701035022735596
11.0,4.701035022735596
35.0,5.828542709350586
42.0,5.117115497589111
49.0,5.888315677642822
50.0,5.730985164642334
57.0,6.04508638381958
66.0,5.679034233093262
72.0,5.945041179656982
84.0,6.618215084075928
140.0,7.153184413909912
145.0,7.612673282623291
148.0,7.298223972320557
159.0,7.495135307312012
262.0,9.047632217407227
290.0,8.505341529846191
297.0,7.755008697509766
301.0,9.238445281982422
303.0,8.237282752990723
323.0,8.721412658691406
327.0,9.116650581359863
335.0,8.68451976776123
342.0,8.59153938293457
349.0,9.25480842590332
363.0,9.505871772766113
372.0,9.171119689941406
377.0,9.178448677062988
398.0,9.256401062011719
406.0,8.44775104522705
418.0,9.441463470458984
424.0,9.16093921661377
440.0,9.081387519836426
453.0,9.726078987121582
469.0,9.658064842224121
482.0,9.512823104858398
497.0,9.793425559997559
508.0,9.783650398254395
530.0,9.803609848022461
553.0,8.914663314819336
558.0,9.910346031188965
560.0,10.794206619262695
580.0,8.518636703491211
589.0,9.699155807495117
604.0,10.26774787902832
618.0,10.746675491333008
620.0,10.552306175231934
628.0,10.616588592529297
630.0,10.319985389709473
643.0,10.953943252563477
647.0,10.528388023376465
649.0,10.478962898254395
660.0,10.198705673217773
663.0,9.92961597442627
664.0,10.123285293579102
669.0,10.542360305786133
681.0,12.646188735961914
699.0,10.767813682556152
707.0,11.178409576416016
710.0,12.01865005493164
714.0,10.202841758728027
719.0,11.314925193786621
724.0,11.891725540161133
735.0,11.082589149475098
750.0,10.52898120880127
769.0,9.801718711853027
775.0,11.070454597473145
782.0,11.091269493103027
786.0,12.719347953796387
788.0,12.312438011169434
792.0,11.403803825378418
815.0,10.318979263305664
827.0,11.527848243713379
841.0,12.154827117919922
856.0,11.203234672546387
858.0,10.955204963684082
914.0,11.502620697021484
916.0,11.582181930541992
920.0,11.6006498336792
941.0,10.469377517700195
943.0,11.62536334991455
951.0,11.736570358276367
958.0,11.587261199951172
961.0,11.509870529174805
963.0,13.085975646972656
967.0,11.720684051513672
973.0,11.251208305358887
974.0,12.215429306030273
983.0,11.747817039489746
987.0,12.05959701538086
992.0,11.47477912902832
998.0,11.087159156799316
1005.0,13.105244636535645
1007.0,13.173084259033203
1026.0,11.374654769897461
1049.0,12.216986656188965
1072.0,11.723302841186523
1083.0,12.872496604919434
1088.0,12.105732917785645
1093.0,12.087535858154297
1099.0,11.39688777923584
1100.0,11.39688777923584
1131.0,12.411498069763184
1141.0,11.453720092773438
1147.0,11.25422477722168
1156.0,11.305418014526367
1167.0,13.626625061035156
1177.0,12.903498649597168
1179.0,15.291509628295898
1183.0,14.41785717010498
1190.0,12.361570358276367
1195.0,11.82695198059082
1225.0,12.389766693115234
1242.0,13.2796630859375
1244.0,12.42731761932373
1249.0,14.18220329284668
1264.0,11.767757415771484
1286.0,13.269370079040527
1290.0,13.372099876403809
1300.0,12.838327407836914
1323.0,13.124726295471191
1345.0,13.914342880249023
1360.0,13.353992462158203
1396.0,12.759410858154297
1397.0,14.160726547241211
1402.0,13.967866897583008
1411.0,15.009278297424316
1416.0,14.995572090148926
1424.0,13.671156883239746
1428.0,14.974045753479004
1435.0,14.40964126586914
1437.0,14.242650985717773
1446.0,14.914504051208496
1457.0,16.784320831298828
1459.0,14.705570220947266
1462.0,13.807117462158203
1464.0,14.75617504119873
1483.0,14.988509178161621
1485.0,15.075520515441895
1492.0,16.150985717773438
1495.0,14.509201049804688
1527.0,15.241107940673828
1531.0,15.241107940673828
1539.0,16.977359771728516
1551.0,15.448484420776367
1553.0,15.5303373336792
1555.0,15.590702056884766
1559.0,16.776750564575195
1569.0,14.83519172668457
1571.0,16.32245635986328
1577.0,16.417102813720703
1583.0,16.165971755981445
1587.0,16.154664993286133
1591.0,16.557083129882812
1594.0,16.814332962036133
1600.0,15.871423721313477
1603.0,16.591779708862305
1606.0,16.467220306396484
1610.0,18.267789840698242
1618.0,15.789292335510254
1622.0,16.565927505493164
1638.0,17.422435760498047
1650.0,17.312931060791016
1659.0,16.26900863647461
1660.0,17.570459365844727
1661.0,17.131717681884766
1663.0,19.528331756591797
1665.0,17.997886657714844
1679.0,18.59674072265625
1689.0,18.630752563476562
1695.0,19.32228660583496
1712.0,20.525381088256836
1718.0,21.455562591552734
1722.0,21.490642547607422
