test_index,y_pred
19.0,18.62070083618164
31.0,5.963475227355957
37.0,11.423686027526855
41.0,18.772159576416016
48.0,30.476320266723633
50.0,3.1082100868225098
61.0,11.834174156188965
65.0,16.872928619384766
69.0,26.173473358154297
73.0,33.43301773071289
79.0,8.147098541259766
80.0,9.141585350036621
87.0,13.688604354858398
91.0,22.93309783935547
95.0,32.11792755126953
101.0,8.38813591003418
106.0,12.369492530822754
132.0,19.670541763305664
157.0,26.68486213684082
167.0,45.556365966796875
168.0,45.58268737792969
169.0,48.27816390991211
176.0,20.57195472717285
177.0,22.51129150390625
179.0,24.72725486755371
185.0,34.700103759765625
217.0,60.33784866333008
222.0,78.45158386230469
230.0,36.46415710449219
233.0,40.83504867553711
239.0,59.20001983642578
245.0,79.910400390625
247.0,88.25889587402344
251.0,1.1234427690505981
263.0,13.389206886291504
308.0,9.946724891662598
318.0,26.8134765625
319.0,29.11659049987793
321.0,31.929805755615234
332.0,11.849903106689453
381.0,20.71707534790039
393.0,40.21995544433594
401.0,16.161256790161133
408.0,27.050718307495117
429.0,26.159082412719727
435.0,38.20755386352539
437.0,45.05338668823242
457.0,37.49269485473633
465.0,60.345252990722656
468.0,70.9421615600586
469.0,73.79910278320312
472.0,86.183837890625
473.0,89.4542007446289
486.0,57.242156982421875
496.0,91.3112564086914
500.0,-1.1129398345947266
503.0,1.7232171297073364
509.0,7.45493221282959
511.0,9.844354629516602
534.0,34.82669448852539
535.0,35.483665466308594
538.0,1.706193208694458
544.0,8.378351211547852
554.0,18.363840103149414
573.0,39.39067459106445
576.0,3.8360445499420166
585.0,14.885224342346191
586.0,15.913809776306152
625.0,20.0116024017334
642.0,44.137725830078125
676.0,48.45751953125
683.0,58.936710357666016
706.0,44.36469650268555
711.0,54.82746505737305
733.0,32.35577392578125
736.0,36.787940979003906
737.0,37.41032409667969
742.0,53.982383728027344
743.0,54.60203170776367
748.0,67.44941711425781
763.0,27.9062442779541
773.0,45.49406433105469
786.0,76.96646881103516
789.0,88.80012512207031
800.0,37.884307861328125
811.0,59.95290756225586
828.0,112.19397735595703
852.0,83.10867309570312
856.0,94.06371307373047
865.0,128.3531951904297
866.0,133.05294799804688
877.0,9.323918342590332
927.0,36.225303649902344
932.0,4.597626686096191
970.0,18.1076602935791
982.0,36.77230453491211
994.0,12.567811012268066
997.0,15.415328979492188
1002.0,23.82666015625
1009.0,37.667720794677734
1024.0,66.98493194580078
1038.0,41.544551849365234
1042.0,49.33930206298828
1046.0,62.60397720336914
1047.0,62.12477111816406
1056.0,22.933067321777344
1061.0,28.690933227539062
1074.0,64.1109390258789
1075.0,64.82351684570312
1078.0,70.9227294921875
1084.0,91.47069549560547
1087.0,30.793777465820312
1097.0,54.3099365234375
1128.0,64.1203842163086
1142.0,113.5508041381836
1168.0,111.92449188232422
1172.0,127.07157897949219
1174.0,134.77593994140625
1181.0,1.8820984363555908
1193.0,14.127157211303711
1197.0,20.961477279663086
1215.0,13.908102989196777
1242.0,19.266138076782227
1261.0,11.886326789855957
1277.0,51.44797897338867
1281.0,11.75770092010498
1317.0,36.32101821899414
1320.0,47.544429779052734
1322.0,52.137901306152344
1370.0,64.49690246582031
1372.0,74.68023681640625
1373.0,78.60342407226562
1375.0,83.48567199707031
1383.0,36.881778717041016
1393.0,66.59896087646484
1400.0,94.60765838623047
1406.0,37.70708465576172
1412.0,55.084503173828125
1414.0,64.0296859741211
1425.0,109.00247955322266
1438.0,8.83230972290039
1465.0,14.53921127319336
1467.0,17.80331802368164
1483.0,6.814395427703857
1487.0,12.79886531829834
1488.0,14.091408729553223
1499.0,41.001922607421875
1501.0,47.641597747802734
1502.0,50.967559814453125
1509.0,12.463532447814941
1512.0,17.760753631591797
1515.0,20.943008422851562
1533.0,16.07438850402832
1536.0,19.75591468811035
1539.0,29.219884872436523
1544.0,38.50303649902344
1558.0,19.818496704101562
1559.0,19.965900421142578
1562.0,27.822647094726562
1563.0,29.461345672607422
1575.0,68.60691833496094
1582.0,22.65867805480957
1586.0,34.24660873413086
1593.0,51.60150146484375
1595.0,61.10374450683594
1606.0,26.97750473022461
1608.0,32.60546112060547
1617.0,59.565059661865234
1632.0,36.14421844482422
1643.0,74.8991928100586
1652.0,113.70536041259766
1656.0,41.823341369628906
1669.0,90.6984634399414
1671.0,98.52337646484375
1672.0,106.53502655029297
1694.0,10.702685356140137
1699.0,16.975887298583984
1701.0,19.17947006225586
1702.0,21.8953800201416
1706.0,2.052990436553955
1720.0,13.963560104370117
1726.0,24.646696090698242
1729.0,34.59572982788086
1730.0,3.2224507331848145
1732.0,5.183187484741211
1740.0,10.684712409973145
1747.0,23.762083053588867
1755.0,5.105930805206299
1758.0,7.038173198699951
1760.0,8.260004043579102
1765.0,12.159177780151367
1775.0,34.20325469970703
1782.0,8.786049842834473
1795.0,26.223072052001953
1803.0,46.15873718261719
1807.0,11.768704414367676
1840.0,25.176925659179688
1844.0,37.78006362915039
1850.0,52.929630279541016
1858.0,14.982739448547363
1862.0,24.071664810180664
1864.0,26.365875244140625
1869.0,44.10192108154297
1872.0,50.25315475463867
1883.0,23.60799789428711
1915.0,46.82550811767578
1916.0,51.90660095214844
1919.0,57.15211486816406
1928.0,89.91793823242188
1934.0,4.228429317474365
1940.0,9.546562194824219
1952.0,24.530902862548828
1964.0,10.524949073791504
1966.0,13.178460121154785
1979.0,38.02426528930664
2002.0,34.25654602050781
2024.0,34.53618621826172
2029.0,47.90850830078125
2034.0,14.027070045471191
2069.0,36.51631164550781
2088.0,28.33405876159668
2094.0,44.74211502075195
2110.0,26.28665542602539
2119.0,50.13037109375
2127.0,75.99768829345703
2131.0,27.220624923706055
2132.0,28.306325912475586
2133.0,30.655061721801758
2155.0,30.09596824645996
2164.0,53.222198486328125
2168.0,67.38378143310547
2208.0,4.271359920501709
2221.0,25.742473602294922
2225.0,33.6984977722168
2226.0,34.818641662597656
2227.0,38.75236511230469
2245.0,27.416866302490234
2263.0,16.568552017211914
2264.0,19.485122680664062
2268.0,25.22649383544922
2273.0,39.83663558959961
2283.0,14.629645347595215
2287.0,20.369237899780273
2291.0,28.908702850341797
2298.0,45.664371490478516
2303.0,63.661991119384766
2304.0,65.78485870361328
2306.0,16.07094955444336
2328.0,74.09662628173828
2345.0,55.32039260864258
2357.0,28.87407112121582
2375.0,83.8305435180664
2392.0,64.3714828491211
2404.0,118.56658935546875
2405.0,36.97382354736328
2412.0,55.3607063293457
2423.0,99.5110092163086
2431.0,4.061727046966553
2446.0,22.707178115844727
2458.0,34.669708251953125
2470.0,14.868220329284668
2484.0,31.593467712402344
2492.0,7.269365310668945
2515.0,36.539554595947266
2519.0,39.740806579589844
2521.0,42.48133850097656
2523.0,9.866896629333496
2533.0,22.100738525390625
2534.0,25.329225540161133
2550.0,47.05295944213867
2577.0,49.779136657714844
2585.0,17.90445327758789
2605.0,49.29203414916992
2628.0,43.44085693359375
2656.0,43.428646087646484
2662.0,59.107566833496094
2691.0,62.7921028137207
2732.0,102.42486572265625
2742.0,-1.5365089178085327
2746.0,1.105391025543213
2753.0,7.130218505859375
2758.0,15.43734073638916
2759.0,15.254528999328613
2770.0,28.933631896972656
2789.0,4.966450214385986
2827.0,6.004878044128418
2829.0,7.0304951667785645
2836.0,9.507561683654785
2840.0,17.614046096801758
2845.0,19.87725067138672
2855.0,30.43925666809082
2858.0,32.89591979980469
2860.0,35.129119873046875
2864.0,5.975153923034668
2865.0,6.620766639709473
2874.0,10.360170364379883
2876.0,11.223289489746094
2886.0,24.125072479248047
2899.0,39.07978439331055
2906.0,9.37263011932373
2908.0,10.819051742553711
2917.0,19.240230560302734
2925.0,27.54097557067871
2932.0,34.13014221191406
2948.0,14.076767921447754
2954.0,22.125621795654297
2968.0,32.82852554321289
2981.0,56.78343200683594
2986.0,15.991659164428711
3000.0,29.951284408569336
3003.0,27.789833068847656
3007.0,36.78152847290039
3017.0,57.782833099365234
3018.0,59.427940368652344
3027.0,20.017332077026367
3034.0,28.302265167236328
3044.0,38.83697509765625
3045.0,43.09930419921875
3066.0,99.71104431152344
3076.0,30.6450138092041
3077.0,31.79245376586914
3089.0,52.25728988647461
3095.0,72.74755096435547
3126.0,55.36370849609375
3139.0,98.92433166503906
3142.0,109.28734588623047
3159.0,8.133118629455566
3166.0,16.90015411376953
3172.0,25.685176849365234
3181.0,32.71925735473633
3187.0,40.4182243347168
3203.0,12.63935375213623
3244.0,16.068466186523438
3257.0,26.638185501098633
3258.0,28.84935760498047
3260.0,30.799047470092773
3265.0,40.792266845703125
3282.0,16.157407760620117
3295.0,30.712499618530273
3296.0,29.708030700683594
3298.0,31.660053253173828
3308.0,47.53181457519531
3316.0,12.553740501403809
3320.0,15.213491439819336
3333.0,36.988006591796875
3337.0,38.810340881347656
3355.0,16.394914627075195
3357.0,17.785634994506836
3358.0,18.44856071472168
3378.0,45.83540725708008
3405.0,25.34390640258789
3408.0,37.410579681396484
3409.0,38.71933364868164
3411.0,39.345943450927734
3450.0,48.74509048461914
3470.0,101.48286437988281
3475.0,116.66751861572266
3482.0,32.04600524902344
3509.0,106.04288482666016
3524.0,42.33106994628906
3529.0,51.88463592529297
3532.0,65.12095642089844
3535.0,72.10433959960938
3538.0,79.40070343017578
3554.0,140.84182739257812
3578.0,23.786222457885742
3580.0,26.494945526123047
3590.0,44.94900131225586
3593.0,48.39069747924805
3608.0,8.420815467834473
3615.0,15.736471176147461
3617.0,22.04233169555664
3622.0,26.155675888061523
3649.0,11.368179321289062
3653.0,15.55651569366455
3666.0,33.440120697021484
3680.0,53.250003814697266
3685.0,9.388427734375
3693.0,16.56062889099121
3706.0,34.638240814208984
3715.0,50.21510696411133
3717.0,55.83073806762695
3742.0,33.886260986328125
3749.0,44.734493255615234
3755.0,56.61750030517578
3761.0,68.3744125366211
3764.0,76.68223571777344
3792.0,61.34486770629883
3800.0,79.29627227783203
3803.0,88.38525390625
3809.0,27.963613510131836
3815.0,38.212581634521484
3832.0,70.02433776855469
3836.0,88.25786590576172
3838.0,97.9540023803711
3844.0,111.55728912353516
3846.0,116.42859649658203
3849.0,35.718196868896484
3858.0,52.14091491699219
3869.0,84.41509246826172
3878.0,117.96231079101562
3891.0,41.3875732421875
3892.0,44.10237121582031
3893.0,46.312660217285156
3914.0,112.93032836914062
3932.0,45.16792678833008
3934.0,53.36732864379883
3944.0,88.70236206054688
3946.0,98.85851287841797
3947.0,101.72394561767578
3948.0,106.43045043945312
3950.0,115.38006591796875
3955.0,138.53260803222656
3968.0,208.81716918945312
3985.0,18.331695556640625
3994.0,31.391521453857422
3997.0,35.56694793701172
4010.0,3.987931489944458
4019.0,16.206666946411133
4022.0,20.01458740234375
4025.0,24.895353317260742
4032.0,36.52755355834961
4034.0,39.96906661987305
4035.0,41.39723205566406
4046.0,4.345750331878662
4047.0,5.425007343292236
4053.0,16.03693962097168
4081.0,5.949244976043701
4087.0,12.938680648803711
4098.0,31.285202026367188
4118.0,9.574027061462402
4125.0,20.20322608947754
4127.0,27.492528915405273
4139.0,46.483123779296875
4152.0,79.40284729003906
4163.0,29.669775009155273
4168.0,37.88158416748047
4169.0,39.45988464355469
4196.0,28.406333923339844
4201.0,40.3303108215332
4222.0,99.58942413330078
4235.0,42.90619659423828
4236.0,43.61079406738281
4251.0,87.89593505859375
4267.0,43.99604797363281
4273.0,55.56746292114258
4295.0,129.5225830078125
4296.0,134.15296936035156
4303.0,52.62614822387695
4305.0,57.214176177978516
4307.0,62.16745376586914
4313.0,79.26710510253906
4326.0,127.44783782958984
4352.0,15.9102144241333
4355.0,21.978620529174805
4362.0,35.827964782714844
4366.0,42.35234069824219
4367.0,44.77455139160156
4368.0,45.888309478759766
4381.0,3.707059621810913
4383.0,5.779322624206543
4386.0,12.501352310180664
4394.0,25.58392333984375
4397.0,34.89666748046875
4398.0,34.14448165893555
4449.0,55.58306121826172
4450.0,57.059688568115234
4463.0,18.678945541381836
4472.0,27.475881576538086
4475.0,32.832725524902344
4507.0,30.671598434448242
4522.0,49.30083084106445
4537.0,90.98119354248047
4541.0,103.12107849121094
4559.0,57.60906219482422
4564.0,68.18150329589844
4593.0,53.21559143066406
4594.0,53.718605041503906
4609.0,97.47303009033203
4610.0,99.67094421386719
4652.0,125.0350570678711
4657.0,151.7241668701172
4660.0,165.30130004882812
4664.0,194.88722229003906
4677.0,76.71842956542969
4680.0,88.78268432617188
4686.0,119.74507141113281
4687.0,121.00469970703125
4690.0,131.6956329345703
4693.0,153.8218994140625
4698.0,184.2133026123047
4707.0,250.69383239746094
4730.0,15.156947135925293
4738.0,23.508066177368164
4739.0,23.389888763427734
4745.0,34.88895034790039
4747.0,35.22330856323242
4763.0,9.221587181091309
4774.0,18.481407165527344
4810.0,14.050357818603516
4817.0,20.290822982788086
4828.0,34.35887145996094
4851.0,17.855072021484375
4856.0,21.839324951171875
4870.0,38.47315216064453
4871.0,38.74828338623047
4883.0,12.234724044799805
4888.0,16.99350357055664
4898.0,29.3681697845459
4906.0,40.910030364990234
4915.0,9.788152694702148
4917.0,11.163383483886719
4923.0,15.798553466796875
4949.0,48.739723205566406
4953.0,56.09377670288086
4960.0,14.320914268493652
4963.0,19.986186981201172
4970.0,25.856491088867188
5011.0,34.73653793334961
5025.0,61.308841705322266
5039.0,21.426837921142578
5046.0,30.569318771362305
5058.0,51.49270248413086
5072.0,86.87566375732422
5074.0,95.05663299560547
5077.0,104.26273345947266
5097.0,51.51533126831055
5099.0,65.15376281738281
5100.0,64.85501098632812
5101.0,66.12991333007812
5103.0,70.29263305664062
5114.0,103.42435455322266
5118.0,125.11994171142578
5133.0,14.997946739196777
5137.0,17.514028549194336
5141.0,25.426843643188477
5148.0,31.42775535583496
5171.0,14.972528457641602
5174.0,17.84855842590332
5186.0,33.52191162109375
5209.0,17.722412109375
5227.0,42.3776969909668
5239.0,16.58963394165039
5265.0,46.3530387878418
5269.0,9.07614803314209
5274.0,14.468483924865723
5277.0,19.386978149414062
5296.0,46.03951644897461
5306.0,13.259990692138672
5307.0,13.9229154586792
5318.0,30.218612670898438
5339.0,67.33649444580078
5341.0,16.720518112182617
5354.0,39.81818771362305
5357.0,38.42020034790039
5364.0,55.577545166015625
5366.0,59.825191497802734
5380.0,27.399337768554688
5389.0,41.13105773925781
5394.0,46.175865173339844
5425.0,44.561195373535156
5426.0,47.625633239746094
5432.0,64.03846740722656
5451.0,114.46754455566406
5462.0,56.3152961730957
5466.0,71.02265930175781
5491.0,5.466190814971924
5519.0,40.965187072753906
5521.0,43.41658020019531
5532.0,9.23381519317627
5583.0,32.35248947143555
5594.0,48.67949295043945
5601.0,6.111374378204346
5603.0,9.476946830749512
5621.0,38.073509216308594
5624.0,43.46992874145508
5627.0,50.1154899597168
5633.0,59.3582763671875
5650.0,32.09688186645508
5673.0,76.37127685546875
5705.0,77.7684097290039
5733.0,69.4729995727539
5741.0,89.323486328125
5768.0,76.37890625
5773.0,93.8101577758789
5784.0,131.44297790527344
5786.0,42.691497802734375
5805.0,90.45960235595703
5808.0,105.8431396484375
5829.0,68.40940856933594
5837.0,90.60610961914062
5838.0,92.67304992675781
5858.0,185.3516082763672
5860.0,2.93631911277771
5861.0,6.739293575286865
5876.0,30.168216705322266
5884.0,41.8514518737793
5899.0,7.421706676483154
5914.0,31.14743995666504
5916.0,35.08002853393555
5921.0,43.600990295410156
5927.0,56.245941162109375
5930.0,61.102760314941406
5935.0,7.08665657043457
5936.0,8.854508399963379
5940.0,16.798934936523438
5967.0,66.89707946777344
5998.0,61.913360595703125
6009.0,13.422714233398438
6012.0,20.98834228515625
6016.0,30.934621810913086
6026.0,50.57168960571289
6027.0,52.90303421020508
6044.0,18.396726608276367
6046.0,21.717395782470703
6048.0,24.189218521118164
6062.0,57.88533020019531
6074.0,92.77336120605469
6076.0,99.3875961303711
6094.0,57.48400115966797
6104.0,92.34933471679688
6105.0,93.69756317138672
6112.0,118.04642486572266
6130.0,68.27496337890625
6152.0,153.30865478515625
6178.0,132.78363037109375
6180.0,137.54737854003906
6201.0,91.15083312988281
6217.0,160.90623474121094
6237.0,5.409775733947754
6239.0,6.803469657897949
6245.0,12.91813850402832
6252.0,1.4444302320480347
6253.0,2.680523157119751
6263.0,10.155511856079102
6285.0,17.5949764251709
6292.0,5.592879295349121
6300.0,14.567309379577637
6308.0,6.281604290008545
6309.0,6.368142127990723
6317.0,13.215408325195312
6328.0,8.145323753356934
6330.0,10.768827438354492
6339.0,24.90914535522461
6343.0,4.498041152954102
6348.0,9.682130813598633
6355.0,20.31525421142578
6366.0,12.904593467712402
6391.0,28.330066680908203
6394.0,35.15380096435547
6433.0,15.151658058166504
6440.0,1.559080719947815
6444.0,3.0223400592803955
6447.0,4.845328330993652
6450.0,7.019724369049072
6469.0,16.873550415039062
6474.0,0.7742025852203369
6495.0,10.121984481811523
6504.0,14.978731155395508
6507.0,17.828691482543945
6509.0,17.605628967285156
6510.0,24.09384536743164
6515.0,3.338317632675171
6547.0,23.710399627685547
6550.0,3.375797986984253
6562.0,9.796744346618652
6569.0,16.83006477355957
6575.0,19.72240447998047
6589.0,6.611571311950684
6590.0,8.958438873291016
6592.0,8.999996185302734
6605.0,18.93704605102539
6606.0,18.46525764465332
6611.0,23.06244468688965
6620.0,29.77117347717285
6626.0,9.335824966430664
6634.0,14.14688777923584
6675.0,21.875221252441406
6676.0,21.289199829101562
6686.0,27.901527404785156
6724.0,39.61000442504883
6725.0,41.570579528808594
6732.0,52.411685943603516
6737.0,20.826112747192383
6739.0,20.79586410522461
6760.0,40.55839920043945
6777.0,9.537679672241211
6781.0,15.864520072937012
6804.0,9.505339622497559
6805.0,10.906365394592285
6837.0,19.195083618164062
6840.0,27.63969612121582
6859.0,48.32910919189453
6860.0,15.792641639709473
6861.0,17.049942016601562
6866.0,31.228614807128906
6871.0,46.63666534423828
6881.0,34.94119644165039
6894.0,35.635406494140625
6903.0,71.89196014404297
6942.0,12.217534065246582
6948.0,25.54221534729004
6971.0,16.96548843383789
6999.0,23.06267738342285
7011.0,19.423233032226562
7031.0,42.188621520996094
7039.0,75.1672134399414
7044.0,5.691283702850342
7063.0,4.52783727645874
7082.0,6.1712236404418945
7090.0,18.698923110961914
7096.0,26.296998977661133
7103.0,9.08386516571045
7116.0,34.447181701660156
7123.0,12.91053295135498
7126.0,17.233591079711914
7129.0,26.377553939819336
7165.0,23.713003158569336
7169.0,36.76808547973633
7182.0,24.060359954833984
7193.0,58.24523162841797
7203.0,32.67476272583008
7211.0,60.563514709472656
7216.0,79.84097290039062
7223.0,3.9701757431030273
7228.0,10.857151985168457
7260.0,3.7233705520629883
7266.0,11.8657808303833
7272.0,23.238258361816406
7279.0,37.22792434692383
7286.0,15.449518203735352
7293.0,29.20326805114746
7306.0,16.20046615600586
7317.0,44.59033203125
7318.0,48.250823974609375
7338.0,58.4974250793457
7339.0,63.555782318115234
7345.0,25.839111328125
7352.0,48.531436920166016
7379.0,82.53594970703125
