test_index,y_pred
21.0,19.203262329101562
22.0,20.83438491821289
23.0,22.466644287109375
34.0,8.6146821975708
55.0,7.705324649810791
56.0,9.374217987060547
64.0,18.07686424255371
89.0,20.75328254699707
98.0,40.77709197998047
104.0,10.130061149597168
109.0,19.004451751708984
132.0,20.224565505981445
133.0,21.130355834960938
161.0,29.80685043334961
191.0,54.37617492675781
192.0,53.72819900512695
209.0,37.17656326293945
212.0,44.228294372558594
222.0,78.87733459472656
224.0,88.47879791259766
227.0,30.750473022460938
228.0,32.616722106933594
232.0,39.52605438232422
233.0,39.19790267944336
235.0,47.45802307128906
252.0,0.7533354163169861
253.0,1.7891265153884888
266.0,15.850032806396484
270.0,20.769697189331055
283.0,8.697138786315918
292.0,20.309476852416992
301.0,3.385329008102417
307.0,9.63382339477539
310.0,12.824661254882812
320.0,29.613847732543945
325.0,5.851674556732178
334.0,14.32387638092041
344.0,35.026275634765625
347.0,42.01171875
356.0,14.804088592529297
358.0,17.815946578979492
368.0,37.69072723388672
378.0,14.342674255371094
391.0,38.589054107666016
393.0,46.056915283203125
401.0,17.724180221557617
404.0,21.181427001953125
421.0,61.52916717529297
433.0,32.433509826660156
456.0,34.73907470703125
462.0,51.02886199951172
480.0,37.127750396728516
509.0,7.795838356018066
513.0,11.715577125549316
519.0,18.985275268554688
536.0,37.44216537475586
572.0,38.7481575012207
581.0,9.17668628692627
588.0,17.8635311126709
597.0,27.7895565032959
599.0,30.677419662475586
603.0,35.752105712890625
614.0,7.93236780166626
617.0,10.3480224609375
625.0,21.489770889282227
664.0,28.864341735839844
665.0,30.542322158813477
667.0,33.858673095703125
669.0,37.56633758544922
686.0,11.532373428344727
705.0,41.39912414550781
711.0,51.71719741821289
712.0,52.8002815246582
716.0,58.964195251464844
737.0,40.1646842956543
742.0,46.9277229309082
743.0,50.568267822265625
748.0,61.37276840209961
789.0,87.6863021850586
792.0,96.37246704101562
798.0,31.06549072265625
806.0,46.054840087890625
809.0,55.63144302368164
823.0,93.42755889892578
826.0,104.4188461303711
837.0,46.27024459838867
842.0,55.92987060546875
843.0,57.58515167236328
864.0,125.70708465576172
871.0,2.867069721221924
873.0,4.242194175720215
877.0,10.035216331481934
889.0,24.181900024414062
918.0,23.50666046142578
946.0,25.251544952392578
966.0,11.556316375732422
968.0,14.777159690856934
974.0,24.202571868896484
975.0,25.5786075592041
992.0,57.114444732666016
1004.0,28.6385440826416
1014.0,45.93516159057617
1020.0,61.90224838256836
1029.0,21.935937881469727
1054.0,80.11854553222656
1064.0,38.72840118408203
1066.0,46.30889129638672
1067.0,48.70817565917969
1069.0,55.16081237792969
1079.0,75.71324157714844
1088.0,32.682273864746094
1102.0,65.6539535522461
1103.0,66.42266845703125
1116.0,114.48267364501953
1127.0,62.18895721435547
1138.0,100.62580871582031
1159.0,76.9853286743164
1161.0,83.26734924316406
1181.0,1.6837708950042725
1186.0,5.288523197174072
1214.0,11.943470001220703
1220.0,21.594995498657227
1222.0,24.883846282958984
1231.0,4.483407497406006
1242.0,20.413537979125977
1259.0,10.909199714660645
1263.0,15.652566909790039
1299.0,49.68235397338867
1304.0,64.1006088256836
1305.0,12.777579307556152
1309.0,17.872570037841797
1313.0,25.466270446777344
1318.0,39.58837890625
1325.0,58.59859085083008
1341.0,40.82252883911133
1349.0,68.31913757324219
1359.0,31.206584930419922
1363.0,40.48752975463867
1377.0,95.38819885253906
1382.0,33.34560012817383
1386.0,43.20173263549805
1387.0,45.737667083740234
1394.0,66.51713562011719
1395.0,73.76223754882812
1415.0,65.53311157226562
1419.0,77.64879608154297
1439.0,10.000844955444336
1441.0,12.882497787475586
1446.0,20.562368392944336
1469.0,22.419143676757812
1478.0,46.43003463745117
1485.0,11.215275764465332
1500.0,41.224525451660156
1531.0,12.708629608154297
1532.0,13.677826881408691
1535.0,19.480222702026367
1543.0,34.04664993286133
1558.0,20.41044044494629
1568.0,43.82924270629883
1569.0,48.04712677001953
1573.0,61.242523193359375
1585.0,28.703306198120117
1587.0,35.564918518066406
1596.0,62.47062301635742
1618.0,62.3105583190918
1625.0,92.24688720703125
1627.0,101.72039031982422
1629.0,113.73248291015625
1651.0,113.0462646484375
1658.0,48.3436164855957
1664.0,68.16950225830078
1666.0,76.34487915039062
1678.0,139.27450561523438
1699.0,16.7116641998291
1702.0,20.696605682373047
1721.0,18.322303771972656
1724.0,21.000476837158203
1736.0,7.8134260177612305
1738.0,9.064835548400879
1755.0,4.99874210357666
1760.0,8.897866249084473
1763.0,12.275922775268555
1764.0,12.609164237976074
1765.0,13.505803108215332
1772.0,26.02284812927246
1794.0,24.210365295410156
1810.0,15.39343547821045
1813.0,19.30576515197754
1822.0,37.00593566894531
1824.0,42.56339645385742
1831.0,16.297927856445312
1834.0,18.058237075805664
1866.0,38.037132263183594
1877.0,65.62096405029297
1888.0,35.160099029541016
1909.0,31.69015121459961
1918.0,58.49629592895508
1930.0,0.6603632569313049
1939.0,7.748002052307129
1958.0,3.158849000930786
1963.0,8.934282302856445
1977.0,31.32054328918457
1979.0,35.20317077636719
2001.0,33.503746032714844
2004.0,41.78736877441406
2006.0,6.8027663230896
2026.0,39.88300704956055
2059.0,14.897640228271484
2092.0,37.07109832763672
2098.0,58.644325256347656
2105.0,20.30121612548828
2134.0,31.366846084594727
2138.0,43.02775955200195
2163.0,50.63693618774414
2165.0,55.919349670410156
2166.0,61.99040222167969
2188.0,7.495498180389404
2196.0,18.364477157592773
2220.0,21.95772933959961
2224.0,32.36614990234375
2228.0,42.265316009521484
2242.0,21.219640731811523
2265.0,20.904403686523438
2268.0,26.89823341369629
2269.0,29.156896591186523
2276.0,47.56340789794922
2277.0,50.75493621826172
2279.0,53.85203552246094
2280.0,10.587474822998047
2289.0,24.73370933532715
2296.0,40.86610794067383
2321.0,47.90544128417969
2327.0,74.40257263183594
2350.0,68.2499008178711
2355.0,22.644315719604492
2362.0,38.4666862487793
2384.0,38.644527435302734
2386.0,44.043277740478516
2410.0,49.276458740234375
2413.0,57.47609329223633
2414.0,59.6157112121582
2423.0,101.2125244140625
2426.0,120.38322448730469
2427.0,125.18559265136719
2433.0,6.95253849029541
2437.0,12.614139556884766
2462.0,5.381483554840088
2491.0,38.02408981323242
2514.0,33.504878997802734
2523.0,9.565200805664062
2568.0,32.71767807006836
2574.0,43.942718505859375
2577.0,49.59674072265625
2621.0,29.872461318969727
2641.0,71.0547866821289
2650.0,31.992504119873047
2652.0,37.57421112060547
2653.0,39.065101623535156
2668.0,74.97901916503906
2674.0,90.3656234741211
2682.0,39.90792465209961
2694.0,71.6822509765625
2711.0,41.242977142333984
2730.0,98.99304962158203
2748.0,3.354210138320923
2762.0,18.646522521972656
2780.0,42.64399719238281
2803.0,18.675025939941406
2822.0,3.287097692489624
2825.0,4.665045738220215
2836.0,11.535301208496094
2838.0,13.469694137573242
2847.0,23.410531997680664
2855.0,30.549428939819336
2870.0,9.504742622375488
2878.0,14.897123336791992
2897.0,36.22129440307617
2902.0,44.23872756958008
2903.0,45.76308059692383
2916.0,17.20347023010254
2917.0,16.873023986816406
2934.0,36.158302307128906
2941.0,45.95412826538086
2956.0,19.867029190063477
2979.0,54.117149353027344
2983.0,59.93100357055664
2986.0,15.122355461120605
2987.0,16.526765823364258
2989.0,16.337560653686523
3003.0,31.642866134643555
3047.0,46.8333740234375
3053.0,58.528770446777344
3057.0,68.32128143310547
3061.0,83.57855987548828
3066.0,103.66555786132812
3078.0,31.930387496948242
3095.0,71.32061767578125
3110.0,27.447864532470703
3125.0,51.71500778198242
3153.0,1.3529620170593262
3174.0,23.817245483398438
3179.0,29.844144821166992
3183.0,34.51787567138672
3190.0,44.43378448486328
3192.0,1.5964384078979492
3200.0,9.271200180053711
3217.0,27.227527618408203
3232.0,3.4507572650909424
3234.0,4.553030014038086
3241.0,10.609978675842285
3263.0,38.004878997802734
3264.0,39.476097106933594
3273.0,6.404550552368164
3284.0,15.172846794128418
3285.0,15.306690216064453
3292.0,31.122682571411133
3293.0,30.543567657470703
3301.0,38.12844467163086
3306.0,45.97174835205078
3308.0,50.292964935302734
3324.0,20.948013305664062
3329.0,26.82266616821289
3333.0,33.98691177368164
3347.0,52.301570892333984
3361.0,19.087127685546875
3363.0,22.60958480834961
3370.0,33.67560577392578
3384.0,55.88909149169922
3390.0,70.5412826538086
3391.0,72.24107360839844
3400.0,21.876632690429688
3403.0,25.203306198120117
3412.0,41.632110595703125
3431.0,83.83232116699219
3438.0,24.699785232543945
3440.0,28.989206314086914
3442.0,31.700502395629883
3464.0,86.77738189697266
3475.0,117.40270233154297
3496.0,63.13931655883789
3498.0,71.39054107666016
3523.0,41.924278259277344
3524.0,44.20854187011719
3544.0,96.20094299316406
3548.0,118.07525634765625
3551.0,129.03778076171875
3568.0,4.587105751037598
3575.0,15.823454856872559
3581.0,26.747020721435547
3582.0,28.82598304748535
3593.0,48.287689208984375
3602.0,2.199154853820801
3620.0,23.543336868286133
3629.0,36.524417877197266
3641.0,53.728187561035156
3650.0,12.532394409179688
3664.0,28.171831130981445
3667.0,34.285606384277344
3671.0,41.460357666015625
3685.0,10.891347885131836
3688.0,14.628427505493164
3696.0,23.133594512939453
3715.0,50.71991729736328
3722.0,60.796207427978516
3736.0,26.16146469116211
3738.0,28.821434020996094
3740.0,30.54338836669922
3742.0,34.424095153808594
3747.0,43.83964920043945
3758.0,65.98736572265625
3768.0,23.47395896911621
3770.0,24.999080657958984
3777.0,33.37202072143555
3789.0,58.5584602355957
3793.0,65.11621856689453
3806.0,23.62640953063965
3808.0,26.164522171020508
3843.0,105.69117736816406
3845.0,116.74951934814453
3849.0,32.67152404785156
3856.0,50.1328010559082
3863.0,65.45332336425781
3867.0,78.94081115722656
3883.0,140.2894744873047
3893.0,44.49480438232422
3896.0,52.332035064697266
3914.0,114.67359161376953
3928.0,187.43145751953125
3951.0,117.60075378417969
3972.0,1.9028643369674683
3986.0,21.157350540161133
3994.0,32.373512268066406
4005.0,45.707847595214844
4009.0,3.4606027603149414
4036.0,43.97640609741211
4037.0,44.15798568725586
4039.0,48.77427673339844
4049.0,10.960750579833984
4050.0,11.149618148803711
4060.0,26.33038902282715
4070.0,40.19840621948242
4072.0,42.86843490600586
4078.0,56.0179328918457
4086.0,13.004814147949219
4088.0,15.33154010772705
4134.0,38.14988708496094
4151.0,78.8134536743164
4178.0,59.493106842041016
4183.0,73.4159164428711
4211.0,66.63722229003906
4213.0,71.48393249511719
4223.0,101.53691864013672
4232.0,35.09193801879883
4253.0,95.30429077148438
4259.0,116.20943450927734
4260.0,120.22257995605469
4261.0,127.13078308105469
4272.0,53.43568801879883
4278.0,69.6891860961914
4279.0,75.26373291015625
4297.0,145.89256286621094
4298.0,151.22964477539062
4330.0,150.75515747070312
4335.0,175.17825317382812
4345.0,3.8742897510528564
4357.0,26.127731323242188
4379.0,74.88960266113281
4381.0,4.504472732543945
4385.0,9.279976844787598
4406.0,45.8648681640625
4416.0,64.0615234375
4418.0,72.63504791259766
4419.0,73.49768829345703
4435.0,32.21446990966797
4449.0,55.15422058105469
4458.0,71.52425384521484
4471.0,27.224332809448242
4472.0,28.84539794921875
4480.0,41.301692962646484
4498.0,77.00792694091797
4508.0,31.10523796081543
4516.0,41.62300491333008
4521.0,50.45091247558594
4538.0,92.28352355957031
4542.0,103.18074798583984
4543.0,103.73060607910156
4570.0,84.1125717163086
4572.0,86.28536987304688
4581.0,122.31114959716797
4584.0,130.863525390625
4595.0,56.69308853149414
4613.0,112.00227355957031
4656.0,141.91783142089844
4662.0,181.95240783691406
4680.0,88.29480743408203
4690.0,135.55538940429688
4712.0,-0.3959560990333557
4718.0,3.8006091117858887
4722.0,8.969677925109863
4725.0,10.967360496520996
4749.0,37.472801208496094
4763.0,9.55683422088623
4770.0,14.352762222290039
4782.0,26.404064178466797
4784.0,28.354379653930664
4797.0,5.922194957733154
4798.0,5.249247074127197
4801.0,7.86617374420166
4803.0,10.103008270263672
4808.0,13.49114990234375
4811.0,15.7335844039917
4825.0,30.14704704284668
4833.0,4.785359859466553
4834.0,5.225445747375488
4841.0,10.093585014343262
4846.0,13.178471565246582
4847.0,13.898238182067871
4859.0,23.417236328125
4865.0,33.42935562133789
4879.0,10.860651016235352
4897.0,24.335121154785156
4905.0,37.430877685546875
4906.0,38.30278778076172
4916.0,11.362079620361328
4939.0,32.39726257324219
4944.0,38.07512664794922
4968.0,21.684364318847656
4971.0,25.727617263793945
4976.0,34.21860122680664
4989.0,55.49888229370117
5002.0,22.583288192749023
5006.0,27.751380920410156
5008.0,30.796966552734375
5039.0,21.468971252441406
5061.0,56.89005661010742
5062.0,58.723854064941406
5072.0,87.99137115478516
5091.0,40.04435729980469
5097.0,53.37728500366211
5114.0,109.00606536865234
5127.0,9.900264739990234
5130.0,12.766753196716309
5141.0,23.612445831298828
5142.0,24.848726272583008
5161.0,4.709001064300537
5193.0,2.3062973022460938
5199.0,7.317550182342529
5212.0,20.944725036621094
5222.0,33.71697235107422
5237.0,11.235550880432129
5246.0,23.39244842529297
5259.0,39.29602813720703
5260.0,40.821163177490234
5263.0,45.15671920776367
5264.0,46.216915130615234
5272.0,11.011451721191406
5275.0,15.398053169250488
5278.0,20.05430793762207
5316.0,26.41219711303711
5319.0,30.54758644104004
5323.0,38.60929489135742
5324.0,39.124759674072266
5328.0,46.10010528564453
5355.0,38.5489616394043
5367.0,56.2585334777832
5369.0,65.60076904296875
5409.0,85.03733825683594
5423.0,43.93210220336914
5429.0,56.59817123413086
5432.0,66.59578704833984
5449.0,108.8855972290039
5451.0,111.48979187011719
5452.0,38.14897155761719
5463.0,64.40652465820312
5468.0,72.58341979980469
5481.0,108.99366760253906
5494.0,8.727700233459473
5501.0,18.32777214050293
5504.0,20.858827590942383
5511.0,28.877819061279297
5525.0,50.97238540649414
5534.0,11.672855377197266
5551.0,35.32711410522461
5552.0,35.611019134521484
5578.0,24.37229347229004
5596.0,52.789398193359375
5599.0,57.746665954589844
5609.0,17.61504364013672
5613.0,25.41042709350586
5615.0,28.074132919311523
5623.0,42.67220687866211
5640.0,13.13833999633789
5655.0,38.803688049316406
5657.0,44.47032928466797
5671.0,75.42142486572266
5709.0,88.93419647216797
5723.0,46.67683792114258
5726.0,51.582576751708984
5735.0,73.43701171875
5744.0,99.51560974121094
5756.0,45.27418899536133
5766.0,68.26567077636719
5776.0,102.39273834228516
5783.0,126.49744415283203
5794.0,61.660491943359375
5801.0,78.83106231689453
5802.0,82.69440460205078
5808.0,100.78352355957031
5821.0,156.31423950195312
5837.0,87.82907104492188
5856.0,169.15597534179688
5861.0,5.930300712585449
5863.0,9.652243614196777
5867.0,16.20341682434082
5877.0,31.540849685668945
5889.0,50.097957611083984
5900.0,7.899130821228027
5902.0,10.030144691467285
5903.0,13.045568466186523
5911.0,26.44632911682129
5915.0,33.714141845703125
5918.0,39.733734130859375
5926.0,53.21206283569336
5928.0,57.88618087768555
5933.0,2.8822836875915527
5935.0,5.872225284576416
5938.0,12.655279159545898
5955.0,40.95145034790039
5969.0,69.6123046875
5970.0,5.992725849151611
5998.0,62.08898162841797
6000.0,67.4544448852539
6009.0,13.38601303100586
6021.0,38.353885650634766
6034.0,69.89259338378906
6060.0,55.814903259277344
6079.0,112.06781768798828
6083.0,29.338804244995117
6086.0,38.04113006591797
6096.0,65.0460205078125
6103.0,84.28475952148438
6107.0,95.85702514648438
6112.0,115.7125244140625
6113.0,117.91178894042969
6116.0,133.8528289794922
6122.0,46.56887435913086
6137.0,93.94671630859375
6158.0,57.134765625
6181.0,137.31988525390625
6200.0,87.34541320800781
6203.0,96.57679748535156
6204.0,104.01677703857422
6219.0,174.5463104248047
6237.0,3.8491857051849365
6244.0,9.51788330078125
6249.0,-0.20571821928024292
6261.0,8.991966247558594
6264.0,10.80093002319336
6267.0,0.22340795397758484
6288.0,1.4961819648742676
6292.0,5.594681739807129
6299.0,14.182577133178711
6309.0,6.315498352050781
6326.0,4.903885841369629
6329.0,10.343130111694336
6337.0,18.25334930419922
6338.0,19.29555320739746
6340.0,26.989255905151367
6348.0,12.272675514221191
6352.0,16.671995162963867
6369.0,16.777036666870117
6372.0,18.957780838012695
6374.0,25.15117835998535
6377.0,32.602943420410156
6382.0,10.893845558166504
6384.0,13.74843692779541
6387.0,17.88485336303711
6400.0,-0.42474809288978577
6402.0,0.5660208463668823
6412.0,5.479075908660889
6415.0,7.153400897979736
6445.0,3.6830976009368896
6450.0,6.7478251457214355
6466.0,13.812561988830566
6472.0,16.62940216064453
6473.0,16.341800689697266
6489.0,8.795491218566895
6497.0,12.636137008666992
6520.0,4.959034442901611
6543.0,18.462425231933594
6551.0,3.794534921646118
6560.0,9.586159706115723
6602.0,14.596819877624512
6615.0,24.667842864990234
6617.0,28.961519241333008
6627.0,9.805806159973145
6639.0,18.224811553955078
6647.0,25.51125144958496
6655.0,34.20854568481445
6660.0,9.630509376525879
6680.0,27.854270935058594
6701.0,15.232362747192383
6713.0,23.814895629882812
6715.0,26.28806495666504
6720.0,36.9225959777832
6722.0,39.26588439941406
6728.0,44.2048225402832
6765.0,52.74277877807617
6770.0,0.9293003678321838
6779.0,12.987618446350098
6781.0,15.292353630065918
6793.0,12.279052734375
6817.0,7.697321891784668
6821.0,14.113264083862305
6823.0,19.764204025268555
6834.0,14.59848690032959
6851.0,21.90521240234375
6852.0,25.186447143554688
6859.0,47.63888168334961
6901.0,61.990997314453125
6911.0,8.299552917480469
6916.0,14.69482135772705
6917.0,16.200641632080078
6920.0,0.9402907490730286
6922.0,2.6669955253601074
6925.0,6.956552028656006
6929.0,12.279667854309082
6932.0,16.745548248291016
6933.0,18.95355224609375
6955.0,13.345870018005371
6964.0,31.625316619873047
6969.0,14.232865333557129
6971.0,17.656152725219727
6991.0,36.23740005493164
6995.0,14.815816879272461
6998.0,22.022985458374023
7006.0,43.982242584228516
7013.0,26.871967315673828
7015.0,32.15239334106445
7020.0,48.45539474487305
7037.0,67.2167739868164
7042.0,3.1531314849853516
7044.0,5.818439483642578
7046.0,9.21831226348877
7061.0,1.6995245218276978
7084.0,9.073987007141113
7088.0,15.969644546508789
7102.0,7.813337326049805
7108.0,19.35991859436035
7127.0,20.599912643432617
7133.0,33.978580474853516
7139.0,44.6413688659668
7145.0,21.1097469329834
7154.0,44.06060791015625
7169.0,36.77973175048828
7183.0,26.605371475219727
7186.0,34.65904235839844
7191.0,50.048038482666016
7202.0,29.8043212890625
7221.0,2.0143210887908936
7224.0,5.752656936645508
7236.0,22.69338035583496
7246.0,9.514716148376465
7251.0,15.923152923583984
7253.0,20.668434143066406
7259.0,28.08294677734375
7273.0,24.29574203491211
7275.0,29.38483428955078
7277.0,32.38703536987305
7293.0,29.040699005126953
7296.0,36.55049133300781
7315.0,38.698734283447266
7321.0,13.656790733337402
7327.0,25.684480667114258
7329.0,30.83700180053711
7346.0,31.511749267578125
7350.0,42.03383255004883
7383.0,33.90477752685547
7392.0,67.6024398803711
7393.0,72.90459442138672
