test_index,y_pred
18.0,9.406174897001367
21.0,9.884081046517062
24.0,14.178390388417482
42.0,8.717264151740704
49.0,12.449164430870859
60.0,11.446818714450961
68.0,8.773486138301234
72.0,13.774987874259352
77.0,15.220066910494497
82.0,13.838895720923684
99.0,12.319540433410037
112.0,8.863065770369852
127.0,9.730470560259874
139.0,8.698658720555272
150.0,15.09875898727001
152.0,14.822210804009636
153.0,14.307738961334268
166.0,12.949016552028276
174.0,6.980962470767832
175.0,9.246323608571243
201.0,15.756888808316154
205.0,9.665301512403925
207.0,9.108906089865329
214.0,12.233603181977923
218.0,12.946502628207314
271.0,14.921320314482534
274.0,15.037372461512229
283.0,12.175096901765944
294.0,15.220354386187307
300.0,9.893156319332736
305.0,8.007538503484069
309.0,13.803457814249672
312.0,14.896318127225905
330.0,11.637147776400152
337.0,15.958563740364854
341.0,10.464516890213863
360.0,15.675317468295052
366.0,15.23032334273286
368.0,13.351255241872495
369.0,14.937157614231472
374.0,15.777238254824137
383.0,12.364000433933402
389.0,10.867454143509068
402.0,10.998499234432735
406.0,10.943635723954063
412.0,8.225693447832692
424.0,7.853875006213191
450.0,15.446117138818195
451.0,15.216109918774055
463.0,8.900913343214409
480.0,16.586390644372067
489.0,14.209730528452363
493.0,14.894422870654877
499.0,14.746654324185341
508.0,13.82453297677873
516.0,10.03161506584057
517.0,8.32175216868881
520.0,8.231704031706983
524.0,7.139411270283528
559.0,10.74378025634859
560.0,9.583705519173638
568.0,8.34659257870291
594.0,10.906910056847162
595.0,12.56341479578709
602.0,7.851810848507136
609.0,9.631025692253932
617.0,9.944894125745169
643.0,10.118320718865636
658.0,13.081253311088421
661.0,12.884231946110303
668.0,15.041640881799601
673.0,11.431121444607085
680.0,8.90406845162661
689.0,12.942782939302916
690.0,12.054993967556936
699.0,10.692958348558932
700.0,9.65075666267902
725.0,11.732577919593025
744.0,12.706129189342448
758.0,15.180187115268936
759.0,11.54150128401946
777.0,11.54305479716438
801.0,10.867410107019012
816.0,6.579044538455134
820.0,10.25896269258994
839.0,10.908706248595346
841.0,12.06381207777834
850.0,13.281591444807447
859.0,12.811777358889845
869.0,14.541861176756845
882.0,12.91927121493909
887.0,15.616571531354408
890.0,15.870244637573125
901.0,9.62589444171103
943.0,10.047041112794073
945.0,10.783864202994119
949.0,11.00483451051295
976.0,12.588015480036116
992.0,11.505378290646421
999.0,15.415623315983911
1006.0,13.738875857252758
1014.0,14.675862210496982
1023.0,15.161601564331578
1030.0,14.648862708344078
1035.0,14.459361612833046
1064.0,8.702931965894336
1070.0,9.039668256604035
1082.0,10.772051588309356
1088.0,9.260475478448388
1091.0,9.159046711105589
1099.0,11.37712290298617
1104.0,12.553118289292861
1107.0,11.755972617985293
1134.0,13.75910599084481
1135.0,13.8835861574202
1151.0,13.859150165648465
1157.0,13.805129101869282
1164.0,12.85943013322664
1177.0,13.71181717342701
1184.0,13.56124616238719
1187.0,14.085781781298854
1189.0,14.687013414341203
1191.0,13.783864771531238
1233.0,9.374600574046699
1271.0,10.068960006323179
1293.0,9.214515453048636
1306.0,10.79930053773711
1327.0,13.60636241425235
1331.0,12.84090990363831
1337.0,12.90351829421603
1341.0,14.90840117256976
1348.0,15.135068765172946
1361.0,15.0221811322346
1363.0,13.1179138885509
1364.0,15.159976386850978
1380.0,13.657061291144352
1389.0,14.217890179880705
1392.0,13.510228650104198
1415.0,15.604825442766488
1424.0,8.223694396528526
1432.0,8.436177958316126
1435.0,7.364447061730854
1437.0,8.531780270024626
1459.0,9.693266002544437
1466.0,14.697006785578386
1472.0,10.816191439836027
1473.0,12.169540691009392
1476.0,10.649293381288633
1481.0,12.873275634288012
1491.0,15.125144813027536
1497.0,14.470316260185527
1503.0,15.359772896354086
1506.0,13.553315699171385
1516.0,14.617118029181174
1518.0,12.991998621246736
1526.0,13.899715419923268
1537.0,9.41083043170983
1538.0,8.911134162129692
1549.0,8.893312557368006
1551.0,8.341584399019787
1567.0,8.901157355686925
1573.0,11.02903234057994
1597.0,10.538286415592047
1598.0,13.039888240079266
1629.0,14.067188029052506
1659.0,12.27665566784556
1661.0,14.772907725592653
1673.0,12.598994627022815
1692.0,15.676003786491659
1712.0,13.71902418283006
1742.0,13.786248150868882
1752.0,13.562206341990525
1779.0,13.841115549794875
1799.0,15.497842361677488
1813.0,12.812657476534532
1815.0,15.874763361251022
1818.0,13.663449130089731
1822.0,13.950179291119873
1824.0,6.832181851131912
1826.0,9.450791841098825
1845.0,8.46370335160563
1849.0,10.930444352538984
1855.0,9.44196131511314
1903.0,13.964711355547298
1907.0,11.436881766459178
1911.0,10.944743486854865
1914.0,12.79233210682326
1920.0,14.883563788243944
1923.0,11.733806667463384
1924.0,15.611115494315666
1937.0,14.3147987146782
1947.0,15.203071373116709
1962.0,14.600987105103949
1968.0,15.396358945125014
1987.0,8.55729646084368
1988.0,9.03707339742239
1991.0,7.819889175269703
1993.0,8.39423631700905
2008.0,10.164998437876356
2028.0,13.080678214988819
2040.0,10.387781945327808
2064.0,13.392015975491166
2067.0,10.022924127491438
2086.0,8.223307444885059
2093.0,12.49482368133593
2101.0,12.086668277320495
2120.0,9.421064733909036
2145.0,10.368979112328715
2156.0,12.014137207719928
2165.0,15.094806196982548
2195.0,8.285040100582727
2213.0,14.48396947117985
2217.0,13.167379069816509
2230.0,12.643364758001137
2240.0,9.959254974443365
2244.0,8.070108420648808
2250.0,13.644141921668732
2259.0,12.971664633275868
2262.0,12.788788551996651
2265.0,15.654325360798657
2277.0,14.485549820744707
2292.0,9.834225380975662
2305.0,13.246921160663783
2309.0,12.320576078442114
2313.0,15.013883108554502
2330.0,11.386842410145164
2336.0,15.013994725472934
2343.0,8.743446702245432
2346.0,13.333337069710126
2366.0,15.71092748304991
2369.0,8.225630225319993
2378.0,10.99539263399868
2385.0,11.648471162861716
2386.0,11.103582492014713
2414.0,9.373572594698881
2424.0,8.777006102184146
2426.0,13.08557228393514
2434.0,15.735252532740661
2438.0,13.02865594437035
2451.0,8.260698302119165
2461.0,12.898742676150203
2475.0,15.289472234955156
2524.0,15.269638383933257
2535.0,14.395675393968006
2536.0,15.809196309999756
2551.0,6.685487499354576
2552.0,9.006785806409042
2555.0,8.592842549793897
2556.0,9.160765336805117
2566.0,8.529390367639774
2600.0,14.150696250164248
2606.0,13.842298092291838
2610.0,14.796091803720463
2616.0,14.21489592942253
2633.0,10.37890628349202
2636.0,9.894577358234974
2642.0,13.28033074043569
2686.0,11.611646202591594
2704.0,13.402367417396123
2708.0,15.20627305493051
2727.0,8.42286975220269
2749.0,11.708063204791227
2761.0,14.127426985803993
2763.0,13.409726256244882
2768.0,13.982786191949174
2773.0,12.364825526572867
2775.0,14.329337575856403
2784.0,15.001932230081634
2798.0,14.393275450967625
2800.0,14.116156099236392
2804.0,11.611088916300172
2832.0,8.226380476766352
2843.0,15.105100161792311
2849.0,14.521760794768326
2873.0,10.097822523573614
2878.0,10.935668769246462
2880.0,10.96474013751696
2893.0,15.037486876503419
2911.0,12.65488061280228
2915.0,14.70285320099616
2916.0,13.939488341060933
2928.0,12.711065934358881
2936.0,15.997397524078929
2938.0,14.746353746849232
2949.0,14.693652068195657
2962.0,15.69087629160402
2964.0,12.903582117135267
2965.0,16.028254571402762
2972.0,13.846619904031956
2975.0,9.509526628736186
2994.0,14.817607014832353
3010.0,7.716298074355186
3062.0,14.5550626676121
3066.0,12.878552332545672
3072.0,14.771104172648185
3093.0,13.618268964586196
3100.0,12.20193069602487
3104.0,15.146094374168328
3109.0,9.977836447418944
3130.0,14.005379527684239
3140.0,11.660671305683735
3144.0,13.01703177419504
3150.0,14.622914116909394
3153.0,10.580398956092893
3156.0,14.667135678866462
3160.0,8.081791203567034
3166.0,16.002011172309743
3168.0,15.983033089567014
3171.0,13.182147692526712
3179.0,8.114716674590424
3195.0,13.979770934495122
3197.0,9.466879975745249
3198.0,10.555105230394588
3208.0,8.767157073962291
3222.0,15.943472228495757
3235.0,14.8749768304337
3240.0,14.505836228946034
3250.0,10.85425821368117
3273.0,10.777989879241844
3275.0,9.984988481071937
3277.0,11.134541193884527
3308.0,6.906841000790491
3311.0,12.172641508582231
3342.0,11.006162677729836
3354.0,10.981291397561435
3366.0,8.9539551823665
3380.0,8.796586844170683
3386.0,14.747222477105009
3388.0,13.309369066777514
3397.0,10.156383448638772
3407.0,8.490104678020812
3408.0,9.613266826908843
3414.0,11.581653540037621
3416.0,13.17392302681923
3423.0,14.285943019583373
3447.0,9.908153237186486
3450.0,11.812258873504156
3474.0,9.650209889971507
3489.0,12.481203700189074
3490.0,11.478036814925563
3491.0,14.920796553069465
3494.0,14.425687949954467
3510.0,15.241943448189359
3514.0,11.898289218868005
3523.0,8.06151724536944
3545.0,11.528082716186113
3548.0,10.356434356317333
3551.0,11.907750998818585
3554.0,12.782125502826922
3560.0,15.265482934275784
3578.0,14.591991744757081
3599.0,14.576751850353817
3613.0,8.224242005743488
3622.0,15.292658352023427
3626.0,13.719637315441823
3636.0,9.385017249976357
3641.0,9.669786004689014
3642.0,10.833150582133515
3654.0,11.440421057268411
3662.0,12.567572312552041
3663.0,14.397688100264764
3664.0,13.302636810580434
3676.0,15.320357238567462
3690.0,15.145132471457533
3697.0,15.636063933373194
3721.0,11.617077606537297
3722.0,10.882756672551277
3731.0,13.175735306373802
3750.0,10.967906781341899
3751.0,11.591019631455147
3757.0,12.784134151470226
3765.0,13.171675922556819
3802.0,7.969557226321756
3811.0,12.984411855765135
3832.0,11.884039539046606
3849.0,9.718044664918981
3854.0,14.245575198216866
3855.0,12.058794613148036
3863.0,13.925568006948557
3875.0,8.2212527405982
3896.0,15.05152657709397
3898.0,11.673576901550735
3901.0,14.293317432834296
3905.0,8.647945193514808
3906.0,7.692139920385524
3907.0,12.212341609496846
3911.0,7.764695380070898
3920.0,7.735091559818513
3922.0,11.05674172290153
3940.0,10.052983801541817
3951.0,11.227633053913769
3962.0,16.558312570190772
3998.0,8.968632427302243
4016.0,14.522045523792201
4023.0,6.672150760725199
4027.0,8.121196322947387
4029.0,8.384054877722853
4039.0,15.626286285294025
4042.0,12.52656325547736
4058.0,15.064619402890875
4059.0,10.987901365106154
4071.0,9.8151023243724
4082.0,13.866196036338724
4084.0,12.531890653495324
4086.0,13.864411082779293
4088.0,13.888116726096714
4095.0,15.357162746433072
4105.0,14.254870858007473
4110.0,14.080154086763596
4121.0,9.738882881149689
4124.0,11.313137315236922
4129.0,11.176807369270172
4142.0,14.252115049448253
4148.0,15.664570545177904
4160.0,14.963535539729499
4163.0,9.966374417585053
4172.0,14.818590815764269
