test_index,y_pred
4.0,2.679599999999999
16.0,14.270199999999999
34.0,8.261800000000004
64.0,16.975500000000025
98.0,38.40890000000004
114.0,25.635499999999997
116.0,29.587599999999984
119.0,39.5856
127.0,12.40349999999999
130.0,15.52830000000001
143.0,38.651700000000005
146.0,47.54989999999999
154.0,17.70300000000002
160.0,27.801099999999956
161.0,30.968599999999995
189.0,42.5021
190.0,45.655100000000004
197.0,66.15360000000003
200.0,21.82270000000002
202.0,23.632799999999996
206.0,33.03059999999999
225.0,26.80700000000002
241.0,65.32550000000002
253.0,2.3571999999999997
262.0,10.607300000000008
301.0,4.465200000000004
335.0,15.498599999999989
337.0,18.212599999999973
379.0,15.396100000000011
391.0,32.920100000000026
395.0,48.019899999999986
412.0,35.39370000000001
417.0,48.444900000000004
466.0,60.89870000000006
474.0,90.35049999999995
488.0,60.80419999999993
492.0,73.03480000000008
502.0,2.202199999999998
512.0,12.1216
524.0,25.78610000000002
537.0,1.558500000000001
559.0,22.510300000000033
562.0,26.622100000000014
563.0,28.01660000000004
569.0,33.642099999999985
574.0,3.9641999999999977
580.0,9.05359999999999
595.0,24.809999999999977
600.0,30.815
606.0,37.57279999999994
608.0,39.64649999999997
616.0,10.3071
623.0,18.395099999999974
635.0,33.453599999999966
646.0,49.16349999999996
659.0,24.69259999999999
663.0,29.221799999999995
675.0,44.42739999999995
698.0,32.16750000000002
699.0,33.1797
709.0,50.658100000000005
717.0,63.96849999999995
728.0,28.10419999999997
732.0,37.03880000000003
740.0,49.17779999999999
753.0,74.00979999999996
766.0,34.783699999999996
769.0,40.606299999999976
775.0,56.1532
784.0,71.93220000000002
804.0,47.85750000000001
815.0,73.7119
825.0,98.6029
830.0,113.75880000000002
851.0,79.38920000000007
853.0,87.36289999999995
854.0,89.47539999999998
860.0,108.59550000000014
863.0,121.37689999999995
870.0,0.5360999999999999
876.0,6.8882
878.0,8.525099999999995
895.0,30.270100000000028
953.0,34.649599999999985
954.0,37.71190000000001
956.0,40.361999999999966
959.0,42.66200000000001
971.0,16.6399
975.0,23.369699999999998
980.0,33.352000000000004
991.0,52.037800000000026
995.0,11.389299999999992
1012.0,40.813200000000045
1015.0,47.81659999999998
1016.0,49.975099999999955
1021.0,61.40379999999998
1028.0,17.5141
1045.0,54.35
1059.0,26.241699999999994
1060.0,26.993299999999994
1062.0,31.783899999999985
1066.0,38.883399999999945
1069.0,46.43460000000001
1076.0,70.82189999999996
1081.0,82.38229999999989
1082.0,85.67609999999999
1122.0,41.623499999999986
1139.0,103.62960000000007
1147.0,125.18229999999988
1148.0,123.91889999999991
1150.0,44.690499999999936
1154.0,58.204699999999974
1156.0,63.03150000000007
1166.0,98.56660000000004
1167.0,101.51800000000001
1184.0,3.8217000000000008
1191.0,11.0919
1218.0,16.421200000000002
1243.0,20.288500000000003
1267.0,21.650599999999976
1275.0,42.952400000000004
1282.0,12.127299999999998
1291.0,27.59170000000001
1300.0,50.8639
1306.0,12.648
1348.0,62.70879999999999
1363.0,40.19550000000002
1365.0,45.84169999999999
1369.0,55.63690000000001
1409.0,46.82250000000003
1445.0,18.449300000000008
1470.0,23.2145
1478.0,38.84910000000003
1484.0,10.03229999999999
1495.0,25.937800000000003
1500.0,41.175099999999986
1516.0,24.04710000000001
1527.0,50.388399999999955
1528.0,51.923399999999944
1529.0,56.25979999999997
1542.0,31.61439999999998
1568.0,41.282799999999995
1570.0,46.414900000000046
1571.0,48.613700000000016
1585.0,29.148899999999998
1597.0,65.7472
1625.0,87.09990000000005
1631.0,32.8846
1635.0,41.491899999999966
1636.0,44.12179999999999
1648.0,92.7077
1663.0,61.530199999999965
1664.0,67.8069
1678.0,130.47260000000006
1679.0,132.2044999999999
1682.0,1.4431999999999996
1685.0,2.737199999999998
1686.0,4.405100000000001
1687.0,5.0562000000000005
1693.0,10.851300000000007
1696.0,13.687699999999989
1707.0,2.3757000000000006
1715.0,8.971400000000003
1722.0,18.633599999999987
1733.0,5.458600000000005
1734.0,6.203300000000001
1757.0,6.7462
1794.0,25.320000000000007
1802.0,42.35269999999997
1806.0,11.992999999999995
1816.0,25.42679999999997
1819.0,30.34289999999999
1841.0,30.899700000000017
1843.0,34.39090000000004
1853.0,60.09089999999996
1895.0,53.830500000000036
1899.0,69.26200000000006
1930.0,0.4644999999999997
1931.0,1.4594000000000003
1955.0,1.8870000000000016
1959.0,5.422900000000006
1981.0,4.7718000000000025
1982.0,5.794300000000009
1986.0,9.506000000000007
1998.0,28.26629999999997
2027.0,42.84590000000003
2038.0,18.01930000000001
2041.0,25.610899999999997
2047.0,37.91920000000003
2049.0,44.3531
2056.0,13.320299999999992
2061.0,21.49220000000001
2062.0,23.39420000000001
2065.0,29.336400000000022
2070.0,38.1877
2082.0,21.40070000000001
2141.0,52.02669999999999
2143.0,59.03400000000005
2156.0,34.5532
2160.0,49.554899999999954
2200.0,27.744499999999984
2205.0,2.2233000000000005
2237.0,11.367900000000011
2255.0,7.4327000000000085
2265.0,21.982500000000005
2278.0,50.19289999999995
2294.0,35.17739999999998
2300.0,52.41670000000003
2326.0,62.37599999999998
2327.0,68.23069999999994
2363.0,43.06980000000004
2368.0,58.247699999999995
2385.0,40.26439999999995
2391.0,59.5038
2427.0,115.81740000000009
2433.0,6.473200000000002
2435.0,7.783200000000005
2444.0,20.48120000000001
2454.0,33.23120000000002
2455.0,32.847000000000016
2479.0,26.17049999999998
2485.0,34.6889
2489.0,36.40529999999997
2491.0,40.482
2502.0,17.785399999999996
2504.0,22.501000000000005
2511.0,33.35700000000001
2524.0,9.772400000000006
2537.0,28.237299999999973
2539.0,32.509000000000036
2546.0,42.519
2556.0,13.809699999999996
2557.0,14.243899999999991
2558.0,17.215299999999978
2565.0,28.452200000000015
2568.0,34.188099999999984
2612.0,63.85439999999996
2613.0,65.03619999999998
2616.0,20.997899999999994
2625.0,37.75309999999999
2660.0,56.788900000000005
2675.0,90.79800000000004
2690.0,62.11779999999998
2693.0,75.04219999999991
2695.0,79.48589999999996
2701.0,95.98129999999996
2729.0,96.13990000000007
2731.0,101.38959999999997
2733.0,114.09579999999988
2734.0,114.51529999999988
2735.0,116.06309999999989
2738.0,124.38109999999989
2744.0,0.4218
2747.0,2.8619999999999983
2773.0,30.45829999999999
2774.0,32.142700000000026
2777.0,36.43880000000003
2782.0,1.0211000000000006
2786.0,2.5315000000000016
2790.0,6.448700000000001
2806.0,21.825300000000002
2808.0,24.437200000000026
2811.0,26.532999999999998
2816.0,34.0393
2824.0,4.238900000000003
2838.0,14.42419999999999
2839.0,15.47829999999999
2849.0,24.751500000000007
2869.0,8.541100000000004
2888.0,25.629499999999993
2896.0,35.239900000000034
2901.0,41.94419999999995
2904.0,8.599599999999992
2911.0,13.513899999999996
2914.0,16.32390000000001
2919.0,19.934500000000003
2931.0,32.53709999999994
2938.0,43.691200000000016
2950.0,15.59310000000001
2959.0,22.910099999999996
2961.0,25.40919999999999
2967.0,35.27220000000002
2975.0,44.78229999999994
2976.0,45.93429999999995
2982.0,56.51130000000003
2993.0,20.618899999999993
2999.0,28.748400000000007
3005.0,37.604699999999966
3009.0,41.7758
3051.0,57.67999999999994
3059.0,77.32130000000002
3060.0,80.7305
3067.0,99.66409999999996
3069.0,22.26530000000001
3073.0,28.6223
3087.0,56.00329999999999
3092.0,68.19780000000003
3099.0,82.4292000000001
3104.0,100.68550000000013
3108.0,114.8418
3118.0,39.17879999999998
3120.0,41.55849999999996
3124.0,49.57160000000002
3140.0,98.14240000000011
3146.0,121.83970000000006
3147.0,125.74280000000007
3152.0,0.6739999999999999
3157.0,5.149600000000004
3170.0,20.97470000000002
3171.0,21.742400000000007
3175.0,26.043799999999983
3183.0,34.71750000000001
3191.0,0.8417000000000004
3202.0,11.636800000000008
3219.0,30.56810000000003
3222.0,33.56549999999998
3234.0,4.533400000000001
3242.0,11.614700000000004
3251.0,23.09889999999999
3255.0,27.485100000000003
3261.0,34.710400000000035
3267.0,41.98710000000003
3272.0,46.16659999999993
3294.0,28.4208
3301.0,38.20270000000002
3302.0,41.6104
3304.0,43.12070000000004
3314.0,10.400699999999993
3324.0,20.07360000000002
3327.0,23.176400000000005
3342.0,46.45409999999998
3343.0,49.082699999999996
3348.0,58.51559999999996
3354.0,65.50860000000006
3356.0,15.507799999999998
3369.0,29.52520000000002
3373.0,35.483099999999986
3385.0,58.23550000000001
3394.0,76.3454000000001
3397.0,18.906599999999994
3420.0,58.870500000000014
3436.0,94.40130000000003
3440.0,28.26579999999997
3444.0,33.9826
3445.0,35.746900000000004
3446.0,39.43739999999998
3457.0,60.69919999999995
3461.0,73.72299999999997
3465.0,83.89700000000006
3474.0,112.45570000000009
3498.0,70.78890000000001
3506.0,95.4897
3510.0,106.99409999999993
3546.0,107.67360000000009
3556.0,145.85620000000014
3561.0,1.0362999999999998
3577.0,21.559399999999993
3581.0,27.823100000000004
3582.0,28.787000000000024
3627.0,35.556799999999974
3636.0,48.17350000000006
3643.0,6.3694
3645.0,8.527800000000003
3672.0,44.3973
3675.0,47.20870000000001
3696.0,21.761999999999986
3723.0,61.18870000000005
3730.0,20.504999999999985
3736.0,27.61469999999999
3743.0,37.609900000000046
3746.0,41.75960000000003
3748.0,44.4394
3763.0,73.47549999999993
3766.0,17.6167
3769.0,22.950599999999998
3772.0,27.00210000000003
3777.0,34.89940000000001
3791.0,59.92709999999994
3798.0,77.06599999999995
3840.0,98.70689999999986
3843.0,106.92100000000002
3847.0,30.63369999999998
3851.0,37.505199999999974
3854.0,42.775600000000026
3863.0,66.45230000000004
3884.0,142.01690000000002
3890.0,36.15669999999997
3913.0,109.47899999999994
3923.0,154.93999999999988
3943.0,80.25629999999992
3952.0,122.1497
3969.0,209.17279999999985
3974.0,5.3377
3987.0,23.487799999999993
3991.0,29.24870000000003
3993.0,31.497100000000028
4000.0,41.90949999999999
4014.0,11.276100000000007
4029.0,31.121400000000015
4045.0,3.8857
4057.0,23.778799999999997
4061.0,29.58429999999999
4067.0,38.78860000000001
4070.0,41.804400000000015
4079.0,55.32939999999999
4090.0,19.656099999999988
4097.0,32.27660000000001
4107.0,47.885600000000004
4115.0,65.6629
4117.0,68.45500000000001
4131.0,32.37319999999999
4132.0,34.266699999999986
4142.0,56.49149999999992
4146.0,64.47369999999992
4171.0,42.97289999999996
4185.0,79.9257999999999
4191.0,101.65479999999994
4199.0,35.47030000000004
4218.0,84.3724
4249.0,80.54079999999995
4276.0,69.42160000000004
4282.0,85.46780000000001
4297.0,142.56309999999988
4330.0,144.77070000000012
4341.0,1.719699999999999
4360.0,33.14460000000002
4364.0,41.9933
4380.0,69.87640000000012
4389.0,13.412799999999988
4413.0,59.18089999999992
4426.0,16.581000000000007
4433.0,25.112100000000023
4452.0,59.47270000000003
4465.0,18.483300000000018
4474.0,30.226400000000016
4488.0,55.512899999999945
4491.0,58.824900000000014
4492.0,66.03600000000002
4493.0,70.15900000000003
4495.0,72.60950000000003
4496.0,75.55180000000004
4499.0,81.52590000000004
4514.0,36.52629999999997
4548.0,36.654100000000035
4551.0,40.208500000000065
4555.0,45.15119999999999
4565.0,68.26960000000004
4583.0,126.92569999999992
4592.0,50.97750000000002
4598.0,60.79919999999991
4611.0,100.99139999999993
4636.0,64.12240000000006
4642.0,82.35109999999999
4646.0,98.91950000000003
4658.0,155.50330000000017
4659.0,162.91849999999988
4682.0,93.45890000000009
4721.0,8.148000000000001
4723.0,9.329199999999995
4729.0,14.140699999999997
4735.0,20.53010000000002
4736.0,21.135600000000032
4737.0,22.38530000000002
4744.0,30.770500000000023
4752.0,1.1961000000000006
4754.0,2.7076999999999964
4777.0,20.98590000000003
4779.0,23.27780000000002
4780.0,24.568199999999994
4798.0,7.055099999999992
4799.0,7.731399999999997
4843.0,11.288000000000011
4846.0,13.046500000000002
4859.0,25.20219999999999
4869.0,35.33190000000002
4875.0,8.97600000000001
4887.0,17.04359999999999
4891.0,21.12600000000002
4893.0,23.11129999999998
4911.0,42.52150000000008
4929.0,21.078900000000008
4931.0,23.9971
4933.0,26.021199999999986
4946.0,42.510999999999946
4968.0,25.244100000000007
4973.0,30.79549999999999
4976.0,33.39090000000005
4980.0,40.05999999999997
4992.0,64.19549999999998
5016.0,43.13729999999999
5051.0,38.99640000000005
5052.0,40.40130000000005
5053.0,42.07280000000004
5056.0,47.43020000000001
5068.0,75.8331
5073.0,88.37790000000001
5088.0,35.506499999999996
5092.0,44.941900000000004
5104.0,73.89930000000003
5116.0,113.95889999999989
5134.0,17.067800000000005
5147.0,28.070799999999995
5161.0,7.032400000000004
5172.0,19.078899999999997
5173.0,20.477399999999992
5177.0,22.492200000000008
5188.0,33.81739999999999
5191.0,35.88169999999997
5211.0,22.7475
5215.0,26.029899999999984
5222.0,34.814800000000034
5225.0,37.31529999999997
5226.0,38.169799999999974
5232.0,5.759500000000002
5237.0,13.739199999999993
5248.0,25.98359999999999
5249.0,27.007199999999994
5254.0,32.429299999999955
5258.0,37.73429999999998
5276.0,19.910300000000014
5279.0,22.1898
5287.0,32.982299999999974
5293.0,40.98189999999996
5305.0,14.813900000000004
5308.0,17.832399999999993
5311.0,20.855100000000004
5315.0,27.246299999999998
5323.0,39.241899999999966
5334.0,58.915000000000006
5353.0,38.08650000000001
5387.0,44.00059999999999
5390.0,47.011600000000016
5392.0,50.5281
5393.0,54.371200000000016
5408.0,83.37979999999992
5423.0,46.4955
5442.0,89.44290000000001
5450.0,113.23390000000018
5463.0,61.88810000000003
5486.0,127.94569999999987
5496.0,10.382299999999995
5504.0,21.035000000000018
5511.0,30.23760000000001
5512.0,31.88550000000003
5530.0,6.954100000000002
5534.0,12.711799999999997
5535.0,13.987299999999998
5536.0,14.535099999999991
5539.0,20.463400000000018
5575.0,21.88499999999999
5578.0,24.487700000000014
5581.0,29.289300000000008
5588.0,38.9267
5592.0,44.43889999999998
5596.0,52.01389999999999
5600.0,5.205699999999999
5611.0,22.359499999999997
5616.0,29.081900000000015
5618.0,32.01859999999998
5625.0,44.05720000000002
5630.0,54.060799999999965
5644.0,20.955200000000012
5675.0,16.238100000000006
5685.0,33.7076
5691.0,46.89349999999999
5699.0,63.09820000000007
5726.0,53.53059999999999
5727.0,55.182700000000025
5730.0,64.10209999999996
5731.0,64.87169999999996
5732.0,66.35829999999996
5734.0,71.11230000000009
5739.0,83.4667
5745.0,103.39670000000012
5757.0,51.47989999999999
5759.0,52.5908
5772.0,90.78930000000005
5791.0,54.38049999999998
5794.0,62.30010000000003
5800.0,77.2612
5801.0,81.00649999999997
5847.0,131.37179999999998
5854.0,167.7419000000001
5855.0,171.15700000000012
5864.0,9.876499999999998
5869.0,18.07019999999997
5877.0,29.813599999999987
5878.0,31.945199999999996
5881.0,37.67349999999998
5883.0,42.225099999999955
5892.0,56.46840000000002
5895.0,62.29309999999997
5906.0,18.079099999999983
5915.0,33.5902
5917.0,37.91039999999999
5919.0,39.91429999999996
5949.0,29.03270000000002
5959.0,48.95809999999996
5977.0,16.73859999999998
5980.0,21.34589999999998
5986.0,30.787700000000005
5988.0,34.65089999999997
5991.0,46.02619999999999
5999.0,65.07869999999998
6002.0,71.41730000000001
6015.0,22.56260000000001
6019.0,35.34080000000003
6051.0,29.397300000000026
6065.0,67.17900000000007
6070.0,81.59369999999998
6102.0,82.463
6164.0,77.19500000000005
6170.0,97.85220000000005
6181.0,141.99689999999984
6184.0,156.68080000000018
6197.0,72.7934000000001
6205.0,102.55049999999997
6231.0,1.7679000000000011
6235.0,3.514300000000004
6242.0,8.700000000000005
6265.0,13.056900000000017
6278.0,11.513599999999999
6287.0,3.8261000000000003
6293.0,7.981300000000009
6294.0,10.730699999999992
6295.0,11.832700000000013
6303.0,20.692899999999966
6310.0,6.105799999999992
6313.0,12.690699999999994
6320.0,20.218699999999988
6331.0,12.156400000000009
6335.0,17.841599999999985
6349.0,13.311700000000009
6360.0,32.060900000000004
6363.0,8.199100000000005
6373.0,26.93380000000002
6374.0,27.821000000000023
6390.0,23.479400000000002
6396.0,37.37090000000006
6397.0,40.04480000000005
6401.0,0.6295000000000003
6407.0,2.8766999999999996
6413.0,5.832800000000003
6420.0,7.672600000000002
6427.0,10.704100000000007
6432.0,13.660499999999999
6439.0,1.6514000000000002
6448.0,5.443800000000001
6457.0,8.601500000000001
6484.0,5.535700000000004
6489.0,7.158099999999998
6528.0,10.046599999999994
6541.0,17.243699999999997
6545.0,19.66789999999999
6546.0,20.182599999999976
6585.0,5.712899999999999
6588.0,6.132200000000008
6614.0,24.01800000000001
6616.0,25.643500000000035
6617.0,27.196800000000042
6628.0,9.718100000000007
6640.0,19.623299999999993
6655.0,34.76739999999997
6665.0,13.389999999999988
6668.0,15.285199999999998
6694.0,42.26510000000004
6700.0,14.588899999999983
6709.0,22.49989999999999
6713.0,27.3094
6736.0,18.889300000000006
6742.0,24.097999999999978
6748.0,29.306399999999993
6756.0,36.98339999999995
6776.0,8.577799999999998
6783.0,18.835199999999997
6799.0,19.863500000000002
6823.0,18.541099999999986
6848.0,16.88679999999998
6850.0,20.89309999999999
6854.0,30.380300000000016
6863.0,21.23800000000002
6873.0,49.87109999999995
6892.0,29.314899999999962
6893.0,32.20719999999996
6895.0,38.12019999999996
6905.0,0.4325000000000002
6910.0,7.181800000000003
6938.0,7.070500000000013
6944.0,16.862400000000004
6949.0,26.433900000000037
6959.0,20.69059999999999
6975.0,26.777899999999978
6980.0,11.634999999999993
6988.0,28.389000000000028
7002.0,31.494699999999963
7034.0,54.343799999999945
7035.0,57.78599999999999
7040.0,0.4825000000000004
7041.0,1.7231999999999996
7059.0,26.722799999999996
7060.0,0.5200000000000002
7065.0,7.181600000000004
7073.0,18.663699999999995
7098.0,31.734800000000018
7099.0,33.29829999999999
7101.0,7.774899999999998
7102.0,8.646299999999995
7115.0,33.15950000000001
7121.0,9.758400000000002
7124.0,14.26880000000001
7148.0,28.44050000000003
7161.0,17.576799999999995
7178.0,61.653699999999915
7188.0,41.69270000000003
7208.0,48.344300000000004
7209.0,53.07649999999996
7215.0,76.17939999999999
7218.0,89.47909999999997
7230.0,14.074199999999998
7233.0,19.573500000000017
7246.0,8.943999999999992
7253.0,19.87200000000002
7270.0,18.763299999999997
7274.0,26.16100000000001
7289.0,20.729400000000012
7297.0,37.359199999999994
7302.0,10.872900000000016
7305.0,16.672500000000028
7314.0,37.6075
7322.0,14.99179999999999
7325.0,20.973599999999973
7326.0,24.239200000000004
7330.0,33.91480000000004
7332.0,39.52279999999997
7371.0,55.359100000000005
7372.0,59.02020000000002
7375.0,67.50219999999999
7383.0,31.789599999999986
7385.0,36.179099999999984
7389.0,52.55359999999996
