test_index,y_pred
1.0,-8.347477075824042
3.0,-5.409477968394977
5.0,-2.4714788609658704
8.0,1.935519800177705
14.0,10.749517122464969
31.0,2.1817825924472096
38.0,12.310071207794724
49.0,28.225953317626523
50.0,-14.450757927427428
52.0,-10.586001656399585
62.0,8.928524524209752
63.0,10.890616382475063
79.0,-6.027252549519755
82.0,-0.0902963763297853
101.0,-7.439019936198729
102.0,-5.4096714962568875
112.0,14.8838129031618
115.0,20.97185822298741
121.0,33.14794886263859
125.0,-1.2470427550917653
129.0,6.782491187770038
140.0,28.863709530639486
160.0,28.468705896763428
163.0,34.37270253947481
164.0,36.34070142037857
173.0,54.05269134851287
177.0,20.91271217800568
181.0,28.784682066806827
193.0,52.36526598369381
240.0,56.917532817183094
248.0,72.70502237205636
280.0,0.9154956382735444
284.0,6.703089132757828
300.0,-5.583474961865743
311.0,13.10220108341193
315.0,19.89699237260388
326.0,-7.441444475251782
336.0,12.237073656150859
339.0,18.140629095571686
353.0,1.7215955240183443
360.0,15.812541193991425
374.0,43.99443253393762
377.0,6.655078289307372
388.0,28.657838090840304
399.0,50.472681816706135
407.0,24.71254236452427
410.0,30.73469282167054
413.0,36.75684327881681
425.0,20.04771650318887
434.0,37.75970643132312
450.0,28.109852116846813
455.0,37.911911032223294
457.0,41.8327345983739
473.0,73.19932312757865
494.0,71.70089176078392
497.0,77.64646440388205
506.0,1.3682508468441663
533.0,41.10760811630116
547.0,10.555249946302698
563.0,33.70562392423984
568.0,40.94011579234523
586.0,18.478314402033778
587.0,19.925212775654902
590.0,24.265907896518105
605.0,45.96938350083418
624.0,23.791122267952492
627.0,28.97635690310071
628.0,30.704768448150052
630.0,34.161591538248835
633.0,39.346826173396984
635.0,42.803649263495835
637.0,46.26047235359457
638.0,47.988883898643856
662.0,32.6930698031502
679.0,65.36412068169909
683.0,72.30080668139628
691.0,23.69950689411832
696.0,33.42035811237103
721.0,82.02461420363426
725.0,25.936333038046858
732.0,39.84254842819514
735.0,45.80235502397307
746.0,67.6549792084918
747.0,69.6415814070844
749.0,73.62149794333561
751.0,77.62199972543253
772.0,55.44320552282699
785.0,80.87837884128334
790.0,90.66113780992026
795.0,100.44389677855742
800.0,48.29921669535208
807.0,62.350901095359895
811.0,70.25754876705949
824.0,95.84153421880893
836.0,54.02860628124734
853.0,87.48458725661214
859.0,99.29258054203495
867.0,115.03657158926544
876.0,1.424362253431415
884.0,13.176358683147729
893.0,26.397354666578597
894.0,27.86635422029322
896.0,30.804353327722286
905.0,1.5635091910523367
914.0,14.585594553642043
923.0,27.607679916231692
932.0,-1.3276803921733593
933.0,0.26852035808024177
935.0,3.460921858587472
961.0,44.96214136518113
970.0,11.396177082944735
977.0,24.948797565984
993.0,52.69554156477282
996.0,4.5438099193692985
999.0,10.666047656478472
1007.0,26.706443435827456
1008.0,28.703628327821864
1015.0,42.68392257178267
1022.0,56.664216815743494
1032.0,21.65739073705777
1039.0,35.56360612720611
1056.0,17.213278542325273
1059.0,23.08293392350757
1072.0,48.51810724196381
1078.0,60.257418004328294
1094.0,41.84055700185491
1111.0,75.29653797721963
1128.0,55.13159772959998
1163.0,71.37357345990017
1243.0,20.511616363189535
1253.0,34.980600099400256
1254.0,36.42749847302128
1261.0,12.317509089526357
1262.0,14.045920634575769
1270.0,27.873212994970974
1276.0,38.24368226526713
1302.0,49.177703243427295
1317.0,36.10517434404236
1320.0,41.93768507499407
1324.0,49.714366049596215
1328.0,57.49104702419816
1335.0,30.67519240660332
1337.0,34.64839680378848
1342.0,44.58140779675163
1346.0,52.527816591122
1358.0,36.71727625527985
1364.0,48.45658701764422
1367.0,54.32624239882649
1368.0,56.28279419255396
1373.0,66.06555316119093
1378.0,75.84831212982783
1385.0,51.165177634281214
1393.0,67.18803328299134
1402.0,84.90002321112541
1411.0,60.79908520169801
1448.0,21.79133500815023
1454.0,30.605332330437395
1474.0,26.137732477206573
1476.0,29.027745079352204
1489.0,16.707649472818364
1514.0,21.542408141318877
1516.0,24.939803785914766
1533.0,17.32395772781563
1542.0,34.356607992946046
1546.0,41.293293992643264
1565.0,36.50584853003824
1579.0,64.47784392432472
1591.0,47.84087362610928
1593.0,51.81407802329455
1606.0,39.67773049049155
1623.0,72.93911098385746
1624.0,74.89566277758493
1630.0,45.013484537233445
1641.0,67.09470288010306
1655.0,55.54953889749661
1680.0,-10.238986107557235
1697.0,14.734006305589933
1707.0,-4.188405901836571
1713.0,4.492984339889862
1722.0,17.51506970247954
1735.0,-0.09213627114953818
1743.0,13.497446307234245
1761.0,-0.16718419173360724
1769.0,15.575630313388562
1776.0,29.350593005370403
1802.0,36.17974681773487
1807.0,3.98104180009722
1819.0,27.45966332482607
1820.0,29.41621511855354
1829.0,47.02518126210018
1847.0,43.83430165956799
1853.0,55.64229494499089
1867.0,41.38135134008258
1871.0,49.25334686369775
1873.0,53.18934462550542
1874.0,55.15734350640921
1882.0,29.116214912912913
1889.0,42.98921774680873
1913.0,46.104002305600325
1916.0,52.04957494869854
1921.0,61.95886268719563
1923.0,65.92257778259454
1942.0,9.72558479700334
1957.0,-1.8969256362249884
1959.0,0.9968711110171606
1967.0,12.572058099985728
1968.0,14.018956473606838
1970.0,16.91275322084903
1976.0,25.594143462575463
1984.0,4.48159903149136
2002.0,33.213212536056254
2020.0,26.061662279039627
2021.0,27.795833778963857
2025.0,34.732519778661036
2027.0,38.200862778509766
2034.0,8.066675345347367
2049.0,38.19110868030743
2050.0,40.18829357230182
2051.0,42.18547846429629
2056.0,9.205580875141496
2077.0,50.924227045586555
2080.0,16.82592240192344
2084.0,24.65212957683295
2097.0,50.08730289528939
2101.0,57.9135100701991
2109.0,35.61456150554333
2112.0,41.51855814825476
2122.0,61.19854695729277
2137.0,48.905602233288455
2171.0,74.97637381541807
2173.0,78.91235875981835
2190.0,9.367750344803145
2192.0,12.305749452232195
2200.0,24.05774588194858
2203.0,28.464744543092113
2214.0,10.806575176804632
2215.0,12.253473550425728
2231.0,4.260655896325037
2247.0,27.411029874262145
2267.0,25.758128050874294
2293.0,35.188872041883606
2294.0,36.92304354180785
2295.0,38.65721504173229
2301.0,49.062244041278085
2307.0,19.589866365102697
2308.0,21.587866036123106
2315.0,35.573863733266485
2323.0,51.557861101430156
2325.0,55.55386044347107
2342.0,48.97372952887094
2344.0,52.94693392605604
2356.0,38.88422515615833
2359.0,44.75388053734046
2369.0,64.31939847461456
2385.0,54.2631762110714
2387.0,58.27794318250222
2398.0,80.35916152537175
2408.0,60.7081151583621
2430.0,-5.38791411947609
2453.0,28.59324671993716
2454.0,30.07068849556376
2466.0,4.866397428575457
2478.0,22.22189153860001
2479.0,23.666897839672874
2489.0,38.11696085040082
2493.0,4.108071642580118
2498.0,11.34256351068544
2501.0,15.683258631548572
2505.0,21.470852126033012
2512.0,31.599140741380484
2519.0,41.72742935672799
2525.0,8.606945737751477
2531.0,18.799132671539315
2534.0,23.895226138433205
2541.0,35.98428410376605
2608.0,61.3999099543012
2610.0,65.39590929634215
2611.0,67.39390896736256
2614.0,73.38790798042395
2623.0,38.879943723172524
2624.0,40.8665459217651
2638.0,68.67897670206179
2645.0,82.58519209221015
2662.0,66.07287567137644
2671.0,83.68184181492299
2680.0,48.058906028435565
2683.0,54.081056485581804
2684.0,56.08843997129723
2692.0,72.14750785702057
2706.0,100.25087665703617
2712.0,60.4964043942392
2721.0,78.20839432237338
2751.0,4.255729067901715
2753.0,7.193728175330808
2767.0,27.759721927334343
2774.0,38.042718803336136
2789.0,2.516184588283199
2791.0,5.409981335525362
2808.0,30.007253687083622
2811.0,34.347948807946786
2831.0,4.559869263599072
2834.0,9.655962730492934
2841.0,21.54684748657873
2848.0,33.437732242664545
2864.0,-12.388053889169012
2872.0,3.3547606159530865
2894.0,46.647500505039
2913.0,8.775383286490385
2957.0,21.178310758306143
2974.0,54.43969125167201
2988.0,11.884277744814714
2994.0,23.692271030237467
3001.0,37.46826319656433
3010.0,55.1802531246986
3020.0,74.86024193373663
3031.0,26.714756963006668
3035.0,34.55640409530779
3042.0,48.27928657683493
3051.0,65.92299262451263
3065.0,93.36875758756679
3086.0,58.249012629014864
3090.0,66.17644281981248
3099.0,84.01316074910736
3112.0,33.617791520014585
3119.0,47.490794353910424
3141.0,91.0916604032978
3143.0,95.05537549869652
3150.0,-9.177668710713998
3154.0,-3.301670495855884
3155.0,-1.832670942141316
3156.0,-0.3636713884267626
3168.0,17.264323256147723
3169.0,18.733322809862248
3173.0,24.60932102472039
3193.0,-3.5149058264794455
3197.0,2.272687668004739
3210.0,21.08236652507883
3213.0,25.423061645942088
3224.0,41.33894375577385
3236.0,4.408158629251549
3252.0,27.55853260718874
3255.0,31.8992277280519
3274.0,-1.208798313724042
3275.0,0.5177890244711458
3296.0,37.093982482706686
3299.0,42.32720742872696
3307.0,56.282473951447734
3318.0,7.724840710198951
3326.0,23.59161118890555
3330.0,31.580350756883096
3331.0,33.57753564887751
3335.0,41.56627521685514
3355.0,9.953238731279445
3371.0,40.67597551373479
3378.0,54.117172856059064
3387.0,71.39871229619031
3415.0,55.71879428932406
3421.0,67.67884954659286
3434.0,93.11402286504921
3453.0,62.69995266236794
3456.0,68.70167542094015
3461.0,78.5416698254592
3465.0,86.41366534907439
3487.0,53.45391306292209
3502.0,82.97389627647931
3509.0,96.749888442806
3518.0,114.46187837094018
3521.0,47.06577744332885
3530.0,64.77695490976345
3546.0,96.26493700422432
3585.0,30.404809878809633
3591.0,39.218807201096844
3600.0,52.43980318452768
3610.0,9.47476314158384
3624.0,29.70485135660309
3647.0,8.777115056704549
3652.0,16.011606924809858
3656.0,21.799200419294127
3668.0,39.161980902747054
3678.0,53.63096463895774
3679.0,55.07786301257884
3702.0,34.670545905593805
3716.0,57.26925648952311
3721.0,65.34022455521205
3733.0,24.15590733589504
3745.0,44.96596533498671
3774.0,34.512416081923256
3780.0,46.23904798579431
3797.0,79.46450504676179
3800.0,85.32782099869722
3813.0,41.63671097809715
3819.0,53.30173244000043
3821.0,57.190072927301436
3838.0,90.29972003417366
3847.0,41.09141272057892
3850.0,47.092165393724436
3859.0,65.09442341316029
3860.0,67.09467430420878
3865.0,77.09592875945089
3889.0,47.120852072040215
3891.0,51.033955659495014
3892.0,52.99050745322243
3894.0,56.90361104067731
3907.0,82.33878435913357
3910.0,88.20843974031558
3922.0,111.6870612650448
3934.0,65.49480878696119
3956.0,109.65724547270034
3958.0,113.66289221835319
3975.0,7.581895575537434
3993.0,33.003728288369025
4024.0,26.26267714868573
4048.0,12.372670140186731
4054.0,21.054060381913192
4057.0,25.394755502776494
4061.0,31.182348997260736
4064.0,35.52304411812393
4073.0,48.54512948071363
4081.0,11.61434435419142
4101.0,40.552311826612915
4111.0,55.02129556282356
4117.0,63.70268580455001
4119.0,16.695125289489543
4128.0,31.222867807729845
4131.0,36.06544864714326
4147.0,62.123245648317386
4148.0,63.76715298420667
4154.0,73.63059699954186
4168.0,46.23386848195921
4189.0,81.96877203576692
4191.0,85.37209618374872
4199.0,52.4057704412054
4203.0,59.28880379092215
4204.0,61.009562128351384
4216.0,81.65866217750172
4220.0,88.54169552721838
4245.0,77.97789317943702
4249.0,85.96989186351902
4251.0,89.9658912055599
4269.0,66.11192363703591
4283.0,93.1065977073394
4285.0,97.0798021045247
4296.0,118.93242628904335
4307.0,78.44996322326307
4315.0,94.45197035165052
4318.0,100.452723024796
4328.0,120.4552319352805
4342.0,-26.700592066642738
4349.0,-12.989682815650038
4359.0,6.597330400054208
4361.0,10.51473304319467
4386.0,-18.822309296450097
4391.0,-8.847179306813526
4393.0,-4.857127310958898
4400.0,9.108054674532188
4407.0,23.07334101398948
4408.0,25.068403074711174
4425.0,-14.496359940937335
4429.0,-6.5162559492284196
4450.0,35.379290007244386
4451.0,37.37431600517204
4467.0,-4.185332591642972
4476.0,13.769901389702742
4482.0,25.740057377266172
4494.0,49.68036935239372
4531.0,49.7994776505654
4547.0,16.37681742610454
4555.0,32.55449325473575
4580.0,82.28366988036151
4585.0,92.22950520548653
4589.0,32.76303329032039
4599.0,55.17143570157243
4622.0,106.71076124745213
4633.0,58.95000325675296
4635.0,63.431683739003525
4638.0,70.15420446237937
4642.0,79.11756542687982
4645.0,85.8400861502551
4648.0,92.56260687363084
4654.0,106.0076483203822
4666.0,132.89773121388447
4684.0,100.82285491106205
4686.0,105.3045353933125
4699.0,134.43545852794028
4702.0,141.15797925131568
4711.0,-11.324144819454741
4726.0,10.710848486263405
4743.0,35.683840899410654
4744.0,37.152840453125194
4745.0,38.62184000683975
4754.0,-5.584237998982143
4755.0,-4.1373396253610615
4779.0,30.7390494693412
4787.0,42.61279757186622
4791.0,-23.359048874474606
4800.0,-5.64838255621218
4809.0,12.062283762050203
4813.0,19.933691014611316
4822.0,37.644357332873696
4823.0,39.61220914601392
4826.0,44.98256108959065
4829.0,50.18507558936362
4839.0,-5.991781635859024
4860.0,36.28105537406021
4891.0,21.733805053891334
4896.0,31.73029522927465
4899.0,37.72818933450454
4940.0,45.49906984085815
4960.0,11.630958186609409
4967.0,25.357801141061035
4972.0,35.1741239977574
4977.0,45.014118402276445
5017.0,52.12044139165932
5029.0,75.90273196405235
5032.0,81.84830460715054
5034.0,85.8120197025494
5041.0,21.48684834466366
5054.0,47.25099646475605
5070.0,78.96071722794684
5090.0,44.78743203164925
5098.0,59.904927655476236
5128.0,3.9806803271656186
5132.0,9.856678542023761
5137.0,17.201676310596557
5140.0,21.608674971740147
5144.0,27.484673186598318
5152.0,39.23666961631462
5156.0,-6.292462175487355
5194.0,0.18370390662262912
5195.0,1.6306022802436824
5208.0,20.440281137317786
5213.0,27.674773005422995
5250.0,32.78575563686238
5258.0,46.61304799725742
5270.0,8.222714164735567
5279.0,25.933380482997922
5295.0,57.41900949324221
5297.0,61.354713119522735
5304.0,11.262746524391108
5310.0,22.927767986294274
5325.0,52.09032164105222
5332.0,65.84123359657954
5333.0,67.81147959379791
5343.0,23.27809098963218
5349.0,35.27959633592281
5358.0,53.281854355358895
5372.0,81.28536683003703
5381.0,34.12406075020008
5385.0,41.95026792510968
5406.0,83.03785559338525
5418.0,45.585415417333884
5420.0,49.52141317914144
5426.0,61.329406464564165
5440.0,88.88139079721762
5474.0,90.36443823953965
5499.0,11.357992276623154
5512.0,29.71820479144589
5514.0,32.54285287064949
5537.0,13.981054693740138
5543.0,22.846596536044533
5553.0,38.07956138500685
5562.0,51.798941630350505
5567.0,9.609248001120026
5573.0,18.290638242846516
5590.0,42.88791059440474
5594.0,48.67550408888901
5603.0,13.191617335987875
5612.0,26.213702698577496
5627.0,47.917178302893696
5632.0,55.151670170999076
5636.0,60.93926366548329
5642.0,22.58442554565247
5651.0,37.72882859230766
5687.0,44.380767172673906
5699.0,64.67787027557458
5706.0,76.51784708560001
5722.0,55.87146698699443
5732.0,75.41585349344612
5737.0,85.18804674667183
5750.0,50.122331952816474
5753.0,55.95484268376806
5757.0,63.73152365837007
5765.0,79.28488560757435
5771.0,90.94990706947749
5775.0,98.72658804407968
5780.0,108.4474392623323
5790.0,63.81612384089829
5809.0,101.67235441638206
5810.0,103.67260530743033
5831.0,84.33730668206624
5836.0,94.12006565070348
5842.0,105.85937641306788
5855.0,131.294549731524
5870.0,19.570553757692526
5872.0,22.395201836896096
5873.0,23.807525876497838
5874.0,25.21984991609958
5876.0,28.044497995303036
5878.0,30.869146074506663
5879.0,32.28147011410827
5886.0,42.16773839132069
5887.0,43.580062430922375
5888.0,44.9923864705242
5893.0,52.05400666853297
5901.0,10.370489273780667
5930.0,53.216300766953886
5957.0,43.532076598733774
5960.0,47.867095501952214
5961.0,49.31210180302501
5962.0,50.75710810409786
6007.0,18.96503889724784
6010.0,23.30573401811097
6037.0,62.371990105880094
6046.0,29.794763905211372
6049.0,34.59824718883127
6052.0,39.40173047245117
6053.0,41.00289156699112
6057.0,47.40753594515102
6068.0,65.02030798509077
6075.0,76.22843564687042
6110.0,86.26874222316894
6118.0,52.930668323957015
6129.0,71.85901003567821
6145.0,99.39114343454517
6148.0,104.55341844683292
6166.0,88.83247620394343
6189.0,134.43137289553536
6239.0,12.743338689836158
6242.0,21.534902742648956
6254.0,-22.59762196761754
6266.0,23.675222570396155
6289.0,-19.955628706492913
6294.0,-0.3427138648170247
6313.0,3.387851178110086
6320.0,29.205378141707715
6322.0,36.27921480064976
6330.0,-0.1566294861179889
6332.0,6.7683983113124135
6333.0,10.230912210027615
6342.0,41.3935372984644
6345.0,-9.490862768412907
6347.0,-2.565834970982504
6363.0,-8.43755435456222
6370.0,15.800042936444132
6397.0,48.015976438731634
6406.0,-8.252793170532524
6418.0,9.074275065525487
6419.0,10.5381146617724
6423.0,16.413708400526925
6426.0,20.820403704592803
6436.0,35.509388051479156
6437.0,-36.616920099206375
6444.0,-23.16193085851935
6451.0,-9.706941617832339
6456.0,-0.0962350173415876
6462.0,11.43661290324727
6481.0,-22.397363887358846
6483.0,-18.47152930685338
6487.0,-10.619860145842605
6504.0,22.749733788453415
6509.0,32.564320239717006
6513.0,-27.8345559269282
6515.0,-23.734296472798857
6544.0,35.505442435449176
6545.0,37.516187557702274
6557.0,-7.124457239283853
6561.0,0.8904379857997393
6597.0,2.6550770746811203
6598.0,4.636934622380469
6599.0,6.6187921700799315
6600.0,8.600649717779309
6601.0,10.582507265478856
6612.0,32.38294029017246
6623.0,-12.218233518166269
6684.0,40.95176349427414
6686.0,44.55971594910725
6688.0,48.16766840394016
6706.0,15.885667933325355
6714.0,30.317477752657286
6733.0,2.087296349236457
6786.0,-11.881988065089129
6792.0,7.272420937954156
6795.0,16.84962543947579
6796.0,20.042026939983007
6809.0,11.146148310391059
6833.0,2.2137360049212056
6841.0,33.70171809938217
6883.0,40.58732455124335
6887.0,56.17893037890378
6898.0,49.73793037021358
6910.0,-0.5321989096858848
6912.0,5.343799305172272
6913.0,8.281798412601379
6915.0,14.157796627459494
6943.0,7.3300546759669665
6947.0,23.03339299798863
6959.0,17.753264435376526
6962.0,30.054042797764314
6974.0,26.04143333988984
6977.0,37.84942662531271
6999.0,18.798939982326917
7000.0,22.762655077725842
7011.0,13.533187837951633
7016.0,33.022695122527246
7023.0,60.308005320933155
7032.0,46.25638125031862
7033.0,49.92514467642997
7045.0,-0.6910123646013024
7055.0,28.68897870968946
7072.0,23.070394074898875
7080.0,-24.296103860239153
7082.0,-16.44443469922835
7090.0,14.96224194481491
7096.0,38.629086608829205
7117.0,50.20988024195315
7150.0,37.02541209158307
7153.0,48.916557377779505
7159.0,72.67931256017906
7185.0,28.66244669538378
7196.0,71.20973861829265
7208.0,49.55071606399691
7213.0,67.85315558581357
7214.0,71.46110804064637
7225.0,-1.459557741657928
7230.0,13.230437795487493
7244.0,-2.2655417283512485
7247.0,6.415848513375199
7276.0,40.97892877880994
7279.0,53.05688221021537
7287.0,10.77411335233754
7309.0,26.864578977384443
7336.0,61.803607395071374
7341.0,9.404348908454327
7343.0,17.331779099252007
7347.0,33.186639480847454
7349.0,41.114069671645105
7352.0,53.005214957841595
7358.0,76.78750553023474
7386.0,41.63248809116079
7399.0,90.30836895314354
