test_index,y_pred
11.0,8.965048789978027
20.0,18.000408172607422
22.0,21.91075897216797
35.0,9.336629867553711
42.0,19.645896911621094
72.0,34.2214469909668
78.0,7.322752475738525
97.0,40.439186096191406
128.0,13.992981910705566
140.0,35.742759704589844
147.0,54.10587692260742
162.0,32.94306182861328
163.0,36.54149627685547
204.0,29.098392486572266
226.0,27.869848251342773
237.0,52.674110412597656
243.0,74.44866180419922
261.0,9.969414710998535
282.0,7.191824436187744
313.0,16.20909881591797
340.0,23.627891540527344
343.0,28.361669540405273
359.0,21.242958068847656
361.0,25.028274536132812
363.0,26.95423126220703
365.0,30.36954116821289
369.0,41.368953704833984
370.0,44.35614013671875
372.0,47.31328582763672
377.0,12.694716453552246
392.0,42.863704681396484
398.0,62.12555694580078
399.0,65.24507141113281
405.0,20.254316329956055
406.0,20.856782913208008
407.0,23.477832794189453
424.0,70.99166107177734
440.0,50.436912536621094
444.0,64.3762435913086
448.0,77.18511199951172
456.0,36.8764762878418
460.0,44.85462188720703
464.0,54.78114318847656
475.0,27.083044052124023
482.0,44.87284469604492
521.0,19.523941040039062
522.0,20.813575744628906
541.0,3.928602695465088
542.0,6.1289238929748535
546.0,9.182169914245605
560.0,25.45294952392578
572.0,37.791282653808594
581.0,9.553958892822266
593.0,22.195627212524414
597.0,28.504283905029297
610.0,45.33434295654297
630.0,24.08426856994629
631.0,26.168344497680664
632.0,29.305509567260742
649.0,8.654664039611816
651.0,11.178733825683594
685.0,10.626429557800293
689.0,15.456954956054688
697.0,27.36603546142578
702.0,36.931941986083984
703.0,38.8763313293457
707.0,43.22782897949219
714.0,56.4520378112793
735.0,35.089637756347656
767.0,33.04981994628906
772.0,43.71180725097656
780.0,63.932674407958984
781.0,67.56845092773438
788.0,84.52610778808594
819.0,82.07954406738281
821.0,85.91654968261719
836.0,43.07223892211914
840.0,50.81275177001953
845.0,62.78559494018555
850.0,75.11847686767578
855.0,92.89442443847656
867.0,138.7426300048828
874.0,5.432176113128662
875.0,7.273304462432861
882.0,15.21562385559082
900.0,37.59908676147461
905.0,7.0137434005737305
916.0,21.406787872314453
961.0,46.11225891113281
962.0,47.50537109375
986.0,45.295509338378906
1000.0,19.185850143432617
1004.0,27.51829719543457
1011.0,41.95061492919922
1013.0,45.78723907470703
1014.0,47.97538757324219
1019.0,55.78361892700195
1026.0,17.962871551513672
1031.0,24.40444564819336
1037.0,38.34663772583008
1048.0,67.0487289428711
1067.0,46.077423095703125
1072.0,56.153404235839844
1080.0,81.54641723632812
1091.0,39.335243225097656
1100.0,63.92510223388672
1124.0,52.770179748535156
1125.0,53.95700454711914
1132.0,75.02543640136719
1133.0,82.78795623779297
1171.0,123.87928771972656
1177.0,145.3393096923828
1179.0,156.83334350585938
1190.0,10.417335510253906
1198.0,22.25577735900879
1206.0,3.4641644954681396
1232.0,5.3101935386657715
1241.0,17.5650691986084
1246.0,30.365259170532227
1249.0,36.64020919799805
1283.0,13.019957542419434
1284.0,14.530356407165527
1286.0,16.82439422607422
1326.0,65.3536605834961
1327.0,70.38197326660156
1343.0,48.25608825683594
1347.0,60.154197692871094
1367.0,54.12472915649414
1368.0,56.4002799987793
1376.0,87.49742126464844
1382.0,33.70985794067383
1403.0,108.58753967285156
1404.0,114.0947036743164
1408.0,43.72989273071289
1422.0,96.3145980834961
1428.0,125.17839050292969
1431.0,1.4175783395767212
1440.0,11.58874797821045
1442.0,14.310885429382324
1449.0,27.086503982543945
1459.0,5.3949384689331055
1462.0,9.787946701049805
1475.0,35.65745544433594
1486.0,11.90518856048584
1494.0,27.693532943725586
1508.0,10.344304084777832
1517.0,26.097726821899414
1518.0,28.871543884277344
1523.0,42.39263916015625
1537.0,21.253087997436523
1546.0,45.175045013427734
1549.0,56.87849807739258
1577.0,77.14974212646484
1584.0,27.612407684326172
1601.0,87.32537841796875
1613.0,47.94107437133789
1624.0,89.85381317138672
1637.0,51.91963195800781
1638.0,56.05122375488281
1641.0,66.17832946777344
1651.0,115.29064178466797
1653.0,123.21861267089844
1660.0,54.47429656982422
1667.0,81.97679901123047
1674.0,117.19517517089844
1681.0,0.0871947780251503
1689.0,6.489238262176514
1692.0,9.086719512939453
1725.0,21.565183639526367
1727.0,26.301816940307617
1735.0,6.650577068328857
1749.0,25.5075626373291
1764.0,13.107223510742188
1766.0,15.076936721801758
1778.0,39.2842903137207
1798.0,35.05760955810547
1799.0,38.06114196777344
1814.0,19.821640014648438
1826.0,45.6866455078125
1836.0,19.513851165771484
1845.0,40.221527099609375
1861.0,25.435548782348633
1884.0,27.46337127685547
1885.0,30.964906692504883
1900.0,68.42964172363281
1929.0,97.19628143310547
1938.0,6.028218746185303
1947.0,16.935367584228516
1950.0,22.03350830078125
1953.0,26.61484146118164
1960.0,6.082109451293945
1974.0,25.528383255004883
1991.0,13.999387741088867
2003.0,38.119850158691406
2009.0,9.271563529968262
2010.0,11.195636749267578
2014.0,16.68472671508789
2023.0,32.18857955932617
2037.0,15.547099113464355
2044.0,29.364635467529297
2066.0,27.827844619750977
2085.0,23.357357025146484
2090.0,31.01074981689453
2096.0,45.52928924560547
2097.0,50.1917724609375
2102.0,70.84557342529297
2130.0,23.901813507080078
2137.0,39.07267379760742
2148.0,73.38692474365234
2159.0,37.74039840698242
2171.0,76.5549087524414
2179.0,111.90406799316406
2196.0,18.487377166748047
2216.0,15.581778526306152
2230.0,4.435757637023926
2247.0,30.782718658447266
2256.0,7.692505359649658
2274.0,42.399635314941406
2279.0,58.277976989746094
2281.0,11.651991844177246
2290.0,25.750877380371094
2293.0,32.97864532470703
2297.0,44.12483215332031
2320.0,45.23759841918945
2325.0,59.052146911621094
2334.0,24.835142135620117
2355.0,22.910720825195312
2359.0,31.552698135375977
2361.0,38.22597885131836
2390.0,53.90525817871094
2401.0,99.58439636230469
2408.0,43.06684875488281
2411.0,53.499481201171875
2425.0,110.01451110839844
2426.0,112.12208557128906
2442.0,18.470325469970703
2452.0,27.97739601135254
2460.0,37.6795654296875
2468.0,12.292680740356445
2474.0,19.933073043823242
2475.0,21.161794662475586
2493.0,8.080224990844727
2494.0,9.414091110229492
2496.0,11.673347473144531
2501.0,18.44093132019043
2520.0,38.70001983642578
2528.0,15.856459617614746
2529.0,16.528514862060547
2530.0,18.690513610839844
2544.0,40.43342208862305
2545.0,41.844566345214844
2547.0,43.7240104675293
2562.0,23.763385772705078
2564.0,27.692058563232422
2567.0,32.54010772705078
2581.0,55.18608093261719
2583.0,60.44891357421875
2601.0,43.30531692504883
2608.0,60.0583610534668
2610.0,62.102352142333984
2630.0,46.27033233642578
2631.0,50.217437744140625
2634.0,57.034461975097656
2636.0,63.13300704956055
2637.0,64.13829040527344
2643.0,75.82510375976562
2649.0,29.81418228149414
2659.0,51.435508728027344
2661.0,55.207855224609375
2665.0,65.87747955322266
2672.0,83.37483978271484
2710.0,39.095367431640625
2725.0,79.391845703125
2743.0,-1.5291999578475952
2757.0,12.237987518310547
2772.0,31.38179588317871
2785.0,2.3657894134521484
2791.0,6.562648773193359
2810.0,24.83640480041504
2813.0,28.591142654418945
2817.0,32.518314361572266
2823.0,2.77323842048645
2830.0,7.2346720695495605
2837.0,14.292547225952148
2852.0,26.97855567932129
2856.0,32.585391998291016
2863.0,5.1591877937316895
2875.0,14.471349716186523
2889.0,28.186237335205078
2962.0,23.681297302246094
2964.0,25.870820999145508
2974.0,44.1788215637207
2978.0,51.59062194824219
2989.0,18.329835891723633
2990.0,18.329835891723633
3015.0,52.52943801879883
3022.0,63.59116744995117
3029.0,20.893701553344727
3036.0,28.640974044799805
3040.0,35.44183349609375
3046.0,43.74534225463867
3048.0,50.243751525878906
3061.0,86.29058837890625
3062.0,89.9071273803711
3083.0,43.78506851196289
3084.0,43.29874038696289
3088.0,51.78348922729492
3097.0,78.775634765625
3137.0,87.88497924804688
3138.0,93.65597534179688
3173.0,24.29924964904785
3179.0,30.709014892578125
3188.0,39.6653938293457
3215.0,25.905508041381836
3225.0,37.48448181152344
3229.0,41.662757873535156
3230.0,44.4530029296875
3232.0,2.131237506866455
3243.0,12.738560676574707
3253.0,24.499120712280273
3259.0,31.576648712158203
3271.0,47.6483039855957
3273.0,6.201844215393066
3291.0,21.36538314819336
3292.0,21.667266845703125
3331.0,31.046791076660156
3338.0,38.08121109008789
3351.0,60.167755126953125
3364.0,25.164142608642578
3371.0,34.98143005371094
3384.0,57.33530044555664
3390.0,70.86089324951172
3416.0,49.21223449707031
3423.0,65.36003875732422
3456.0,63.329322814941406
3468.0,90.88224029541016
3471.0,105.61564636230469
3485.0,41.781009674072266
3489.0,46.28553771972656
3493.0,56.11102294921875
3503.0,86.51031494140625
3537.0,75.65581512451172
3562.0,-6.25098991394043
3565.0,-1.8962277173995972
3576.0,17.474971771240234
3586.0,35.35336685180664
3588.0,40.5543212890625
3603.0,2.179546594619751
3619.0,21.766881942749023
3631.0,36.977176666259766
3632.0,39.104610443115234
3635.0,44.79606628417969
3648.0,10.356764793395996
3652.0,14.203010559082031
3654.0,16.47208023071289
3669.0,37.72315216064453
3670.0,39.708927154541016
3673.0,43.11687088012695
3678.0,54.24649429321289
3679.0,56.346099853515625
3683.0,9.691644668579102
3694.0,19.540653228759766
3697.0,24.444873809814453
3712.0,45.15754318237305
3716.0,52.003013610839844
3724.0,13.404648780822754
3725.0,14.98586368560791
3727.0,16.793956756591797
3729.0,17.932498931884766
3737.0,29.20476531982422
3750.0,46.122501373291016
3754.0,58.12157440185547
3835.0,81.5359115600586
3839.0,94.57011413574219
3848.0,31.592510223388672
3865.0,73.34782409667969
3867.0,81.91019439697266
3873.0,99.53598022460938
3874.0,101.10540008544922
3883.0,142.3205108642578
3895.0,48.365299224853516
3897.0,53.146305084228516
3906.0,83.9815444946289
3919.0,137.29164123535156
3926.0,172.86549377441406
3957.0,148.78118896484375
3967.0,211.5905303955078
3970.0,-1.2413899898529053
3976.0,6.655130386352539
3986.0,20.259281158447266
3988.0,23.481199264526367
4008.0,1.281357765197754
4016.0,13.200807571411133
4037.0,43.54317092895508
4040.0,48.37743377685547
4049.0,9.733591079711914
4066.0,36.512306213378906
4073.0,46.059104919433594
4082.0,6.8411784172058105
4083.0,8.53944206237793
4089.0,17.874279022216797
4095.0,27.47560691833496
4114.0,67.14010620117188
4137.0,42.38810729980469
4145.0,58.783138275146484
4153.0,81.5812759399414
4155.0,13.976673126220703
4181.0,69.94783782958984
4182.0,69.56332397460938
4183.0,74.98809814453125
4187.0,88.75289154052734
4200.0,36.811195373535156
4211.0,65.41472625732422
4214.0,72.97964477539062
4219.0,88.49286651611328
4244.0,65.58538818359375
4256.0,103.1384506225586
4259.0,119.0540771484375
4260.0,120.4665756225586
4272.0,57.42531967163086
4283.0,87.71894836425781
4308.0,62.447532653808594
4327.0,133.36058044433594
4349.0,11.394254684448242
4351.0,15.808194160461426
4358.0,29.00442123413086
4399.0,32.767520904541016
4400.0,35.12804412841797
4402.0,37.27813720703125
4406.0,45.342124938964844
4419.0,71.57711791992188
4431.0,22.246004104614258
4437.0,33.62929153442383
4440.0,37.492332458496094
4443.0,41.66047668457031
4445.0,47.41107177734375
4448.0,51.79829788208008
4479.0,43.7467155456543
4481.0,44.18716812133789
4517.0,43.0096435546875
4531.0,73.55223846435547
4550.0,40.43306350708008
4558.0,51.53080749511719
4562.0,61.86833190917969
4576.0,103.6065673828125
4589.0,44.53536605834961
4604.0,78.07608032226562
4605.0,83.90152740478516
4614.0,114.2389144897461
4676.0,74.34135437011719
4710.0,-3.29597544670105
4713.0,-0.5545346736907959
4715.0,0.7341039180755615
4722.0,6.065834045410156
4724.0,8.4534912109375
4725.0,8.781366348266602
4741.0,26.745573043823242
4760.0,6.591615200042725
4768.0,12.78415584564209
4782.0,25.373205184936523
4783.0,27.118471145629883
4787.0,31.173120498657227
4813.0,18.780746459960938
4815.0,19.576974868774414
4816.0,20.56727409362793
4838.0,8.310284614562988
4839.0,10.151588439941406
4842.0,11.275794982910156
4848.0,14.803061485290527
4855.0,20.75463104248047
4882.0,13.319693565368652
4884.0,15.29053783416748
4890.0,19.218807220458984
4901.0,33.24787139892578
4909.0,40.73078536987305
4945.0,43.32061767578125
4954.0,56.72298049926758
4955.0,13.274510383605957
4962.0,18.53985595703125
4986.0,50.226009368896484
4989.0,53.336395263671875
4991.0,56.886573791503906
4994.0,67.95088958740234
4999.0,19.058717727661133
5002.0,22.713722229003906
5007.0,28.617727279663086
5010.0,33.22990798950195
5018.0,47.4650764465332
5044.0,26.90985107421875
5045.0,26.557723999023438
5059.0,56.028297424316406
5071.0,86.12012481689453
5075.0,95.76256561279297
5086.0,33.88237380981445
5095.0,42.3564338684082
5105.0,74.60386657714844
5121.0,4.033522605895996
5123.0,4.927684307098389
5152.0,33.35750198364258
5155.0,36.465885162353516
5157.0,2.152078151702881
5165.0,9.059172630310059
5168.0,11.878474235534668
5192.0,38.94712448120117
5199.0,8.950475692749023
5204.0,12.326923370361328
5206.0,14.655007362365723
5210.0,19.426799774169922
5212.0,21.885791778564453
5243.0,20.07846450805664
5245.0,18.692352294921875
5252.0,31.273752212524414
5313.0,22.260631561279297
5324.0,39.23503875732422
5332.0,52.25212478637695
5349.0,24.30872344970703
5356.0,37.78520202636719
5378.0,22.717763900756836
5409.0,82.70838165283203
5411.0,87.77896118164062
5427.0,52.06060791015625
5437.0,78.727783203125
5452.0,36.4138298034668
5457.0,43.37553024291992
5459.0,47.731197357177734
5476.0,93.30711364746094
5480.0,105.18867492675781
5487.0,127.9222412109375
5492.0,6.162006378173828
5502.0,19.487150192260742
5503.0,20.67420196533203
5505.0,23.667224884033203
5507.0,23.92074966430664
5513.0,33.32276916503906
5522.0,46.10722351074219
5543.0,23.496793746948242
5547.0,29.947420120239258
5551.0,34.843318939208984
5557.0,44.9166259765625
5563.0,2.027848243713379
5579.0,25.936309814453125
5607.0,15.141341209411621
5623.0,40.875614166259766
5626.0,47.33186340332031
5628.0,50.9979248046875
5632.0,56.52552032470703
5638.0,10.231657981872559
5643.0,16.915063858032227
5678.0,20.55409049987793
5681.0,26.60332679748535
5682.0,28.34748077392578
5683.0,29.536052703857422
5687.0,36.21016311645508
5717.0,35.40742111206055
5718.0,35.40742111206055
5720.0,39.186737060546875
5721.0,41.04025650024414
5737.0,83.36614990234375
5766.0,70.91729736328125
5769.0,82.42253112792969
5775.0,95.3812255859375
5783.0,126.68019104003906
5787.0,44.81975173950195
5793.0,58.82992935180664
5826.0,60.001102447509766
5831.0,72.1214828491211
5833.0,78.6980972290039
5843.0,114.98881530761719
5844.0,117.62834167480469
5862.0,7.252458572387695
5871.0,23.18532371520996
5873.0,25.771242141723633
5882.0,40.21709060668945
5885.0,43.559837341308594
5890.0,52.68995666503906
5894.0,59.86676025390625
5896.0,1.4986299276351929
5905.0,17.234294891357422
5910.0,25.007726669311523
5923.0,50.26935577392578
5933.0,2.9479293823242188
5942.0,18.60954475402832
5952.0,38.7391242980957
5958.0,50.3580207824707
5993.0,51.128997802734375
6007.0,9.815966606140137
6011.0,17.959815979003906
6049.0,26.892560958862305
6050.0,30.514005661010742
6061.0,58.494232177734375
6063.0,60.449623107910156
6064.0,63.67093276977539
6071.0,83.56661987304688
6079.0,110.19535827636719
6103.0,85.93505096435547
6119.0,38.807804107666016
6125.0,51.60517120361328
6135.0,84.16445922851562
6137.0,94.6786117553711
6140.0,101.6668930053711
6143.0,114.12509155273438
6146.0,137.2904815673828
6147.0,134.4827117919922
6173.0,107.026123046875
6193.0,66.08928680419922
6208.0,118.99026489257812
6230.0,1.0802562236785889
6247.0,11.127973556518555
6249.0,-0.06930094212293625
6298.0,13.035126686096191
6299.0,13.72691822052002
6315.0,14.953272819519043
6322.0,22.51948356628418
6325.0,3.5676259994506836
6341.0,27.707622528076172
6354.0,17.77082633972168
6357.0,27.11050033569336
6358.0,28.086881637573242
6365.0,11.50553035736084
6369.0,14.226698875427246
6382.0,9.701627731323242
6386.0,16.016159057617188
6399.0,50.11681365966797
6403.0,1.43508780002594
6410.0,4.246976852416992
6411.0,4.949024677276611
6417.0,7.1610236167907715
6423.0,9.061613082885742
6425.0,10.200610160827637
6438.0,0.5052914023399353
6466.0,12.351957321166992
6487.0,6.917088031768799
6503.0,13.502466201782227
6506.0,15.309185028076172
6512.0,1.331152081489563
6513.0,2.017597198486328
6519.0,5.114633560180664
6535.0,15.380929946899414
6536.0,16.26861572265625
6539.0,18.972055435180664
6561.0,8.252192497253418
6567.0,14.019508361816406
6581.0,23.515066146850586
6600.0,13.98741340637207
6601.0,13.867466926574707
6610.0,20.97402572631836
6624.0,7.817995071411133
6627.0,10.15185832977295
6630.0,13.198539733886719
6631.0,11.587778091430664
6637.0,17.70878028869629
6641.0,17.49468421936035
6647.0,26.0910701751709
6648.0,27.197101593017578
6650.0,31.67572021484375
6657.0,37.89321517944336
6660.0,9.2144775390625
6664.0,13.127655982971191
6669.0,17.48822593688965
6672.0,18.101335525512695
6696.0,12.476472854614258
6711.0,27.206878662109375
6714.0,27.60934066772461
6721.0,35.507957458496094
6726.0,42.338356018066406
6728.0,44.91986846923828
6746.0,28.70623207092285
6755.0,38.63770294189453
6759.0,42.27031707763672
6762.0,46.864830017089844
6767.0,56.351707458496094
6782.0,17.0670166015625
6788.0,4.258729457855225
6792.0,10.796504020690918
6802.0,6.229128360748291
6816.0,6.221898555755615
6831.0,8.751542091369629
6832.0,10.718265533447266
6834.0,15.095170021057129
6853.0,28.744503021240234
6857.0,40.15982437133789
6865.0,26.067520141601562
6867.0,32.46677780151367
6870.0,43.99669647216797
6874.0,57.21119689941406
6884.0,45.55988693237305
6889.0,67.13448333740234
6908.0,4.56959867477417
6917.0,16.539527893066406
6920.0,0.48155084252357483
6922.0,3.546922206878662
6939.0,9.492319107055664
6950.0,4.670384407043457
6968.0,12.21599292755127
6969.0,14.663223266601562
6973.0,22.188817977905273
6981.0,12.79529857635498
6984.0,18.778873443603516
6996.0,16.323657989501953
6998.0,21.32834815979004
7001.0,27.662569046020508
7006.0,45.17341613769531
7020.0,48.645992279052734
7023.0,60.27736282348633
7054.0,19.026905059814453
7067.0,10.511402130126953
7069.0,12.916949272155762
7089.0,15.846296310424805
7104.0,10.710071563720703
7107.0,16.68310546875
7114.0,31.60280990600586
7143.0,15.7568998336792
7145.0,21.314739227294922
7146.0,23.413238525390625
7147.0,25.511333465576172
7151.0,31.78032684326172
7156.0,48.52034378051758
7157.0,53.96149826049805
7168.0,34.09458923339844
7174.0,52.644798278808594
7175.0,55.62384033203125
7180.0,20.066091537475586
7187.0,36.85480499267578
7240.0,0.7976595759391785
7271.0,22.622831344604492
7296.0,36.10797882080078
7300.0,8.815274238586426
7307.0,21.576780319213867
7311.0,30.148807525634766
7315.0,39.382476806640625
7319.0,49.380615234375
7320.0,12.356507301330566
7327.0,26.29839324951172
7337.0,56.47251892089844
7346.0,28.734210968017578
7380.0,26.66796112060547
7386.0,43.882080078125
7392.0,65.75446319580078
7395.0,78.50017547607422
7396.0,83.86753845214844
