test_index,y_pred
2.0,0.18194930120000014
4.0,0.1847085070000002
11.0,0.22544889350000016
14.0,0.23723904859999997
32.0,0.2808000738999999
49.0,0.2638737894
53.0,0.31202109207975426
54.0,0.31900579239999993
89.0,0.3820713767725277
117.0,0.28975915579999983
136.0,0.29402538959999985
156.0,0.3073207968870205
158.0,0.24198187660000003
170.0,0.2527418089000002
174.0,0.29571487480000014
215.0,0.24169785126943133
217.0,0.2841497761999999
224.0,0.28852508880908423
229.0,0.288412653952121
251.0,0.3231227034009953
273.0,0.22903259429999998
277.0,0.24204461729999982
310.0,0.31103685119999996
325.0,0.3433450134999998
328.0,0.3311326969000001
330.0,0.2964754919794666
332.0,0.2790583761
351.0,0.2783406565379586
355.0,0.24884004450000005
356.0,0.24631890140000018
360.0,0.22675437169999996
372.0,0.17487460769999996
389.0,0.15067162860000016
400.0,0.21699433805153956
408.0,0.20810458950000008
426.0,0.23165431790000013
427.0,0.2422301966139115
433.0,0.24165560269999983
445.0,0.21992990580000005
452.0,0.2360209855999999
458.0,0.24308419130000009
470.0,0.26040598915695573
477.0,0.23615896880000004
483.0,0.25202903619999995
488.0,0.23945327249999987
490.0,0.26379709680000013
491.0,0.24642176850000003
492.0,0.24837236988079323
494.0,0.25763291889999995
506.0,0.25057920650000004
518.0,0.2793841751
540.0,0.27085468469999996
563.0,0.20959560700000004
564.0,0.19473240529999994
576.0,0.2895644018727468
579.0,0.16338616565281064
605.0,0.28000739474553515
607.0,0.26728119181986876
615.0,0.2543899098000001
618.0,0.24128689539999995
620.0,0.2295354738999999
622.0,0.2541042205
630.0,0.2430544849
643.0,0.26526403550000005
664.0,0.2555310988
667.0,0.24196968039999991
674.0,0.25177675585340575
680.0,0.2438946585569556
690.0,0.28458596779999995
698.0,0.1832716636999999
713.0,0.2311421921000001
720.0,0.30059440729487874
728.0,0.17008890559999998
735.0,0.16930563233445592
740.0,0.21768318529999994
744.0,0.14937595944024065
751.0,0.17572770689999992
755.0,0.1697623615
783.0,0.18081833689999996
792.0,0.1241316828
809.0,0.1268253466000001
810.0,0.15096682009999993
817.0,0.11991657599999991
831.0,0.21952984369999984
857.0,0.13952939490000005
862.0,0.14661326799999996
869.0,0.13826172669999998
885.0,0.22607446812297385
888.0,0.24520235707085297
897.0,0.28424033401856386
939.0,0.24217147580000017
945.0,0.22105085320000004
951.0,0.22184721830000015
977.0,0.25354810856236837
978.0,0.2609887632302637
982.0,0.2874787558446417
1025.0,0.23236248880000002
1026.0,0.23077849500000003
1048.0,0.23116453365196094
1051.0,0.22540198609999995
1059.0,0.24814648470493345
1068.0,0.3410120174969217
1073.0,0.6515054825147021
1079.0,0.48549026020637825
1106.0,0.4410933249897438
1123.0,0.33407210311911284
1147.0,0.3131601530014385
1156.0,0.4386566154754098
1165.0,0.17605675067434617
1168.0,0.24389895017782545
1175.0,0.13637085583556735
1180.0,0.1354174641919731
1184.0,0.15254340095060692
1192.0,0.07782523010000005
1197.0,0.06760448120000001
1203.0,0.060354285044933335
1208.0,0.058392204762610235
1212.0,0.07362058480895128
1221.0,0.1490629066999999
1232.0,0.2154422809999999
1250.0,0.22053372220961287
1252.0,0.22069571049872214
1253.0,0.2146910110000001
1267.0,0.30203254085433257
1272.0,0.410822361325486
1281.0,0.4783804411444239
1286.0,0.3523357113228292
1288.0,0.29806998240552746
1294.0,0.24302103340783496
1297.0,0.21316517420135306
1335.0,0.23688898419999993
1338.0,0.19017117620000004
1342.0,0.0947918907
1344.0,0.08674088489999997
1352.0,0.07562076790000007
1361.0,0.27437664310000026
1369.0,0.4285255153708749
1388.0,0.35105110682944834
1407.0,0.3083347995089947
1420.0,0.34894977660000004
1437.0,0.21126190220000002
1441.0,0.21617143690667479
1451.0,0.14897277723315297
1456.0,0.1630079847854047
1465.0,0.16165581690156217
1475.0,0.19487668547654366
1481.0,0.2041834331000001
1488.0,0.23095523329999998
1489.0,0.21562484159999998
1493.0,0.21442242299999997
1498.0,0.31940949900000015
1505.0,0.3008861204998837
1512.0,0.2544769065
1516.0,0.21707302469999995
1526.0,0.1432933551239751
1535.0,0.21923839860000008
1541.0,0.2634546727000001
1554.0,0.38568450566865864
1557.0,0.4118724429135567
1568.0,0.24892193269999985
1571.0,0.25502160500000026
1578.0,0.23533947430000005
1589.0,0.1619116345
1591.0,0.15421274129999993
1603.0,0.5522283778146974
1608.0,0.6866619961663141
1631.0,0.40943346857358554
1643.0,0.16548447549999998
1664.0,0.13889784289999996
1686.0,0.2506804450000002
1706.0,0.23517535619999985
1712.0,0.23251625849999996
1717.0,0.20223619319999997
1725.0,0.20257543719999993
1734.0,0.25306036600000004
1735.0,0.2566720457000001
1760.0,0.33299080149999966
1773.0,0.23201833679735773
1779.0,0.11564127219999996
1787.0,0.16140529709999993
1792.0,0.113390272
1796.0,0.1160198784999999
1806.0,0.16431484719999997
1815.0,0.2652665055514147
1823.0,0.5490232292074722
1831.0,0.42418589033406134
1833.0,0.3783506249310403
1865.0,0.12236460030000008
1866.0,0.11609381720000002
1884.0,0.16981071080000007
1902.0,0.32677389850000005
1905.0,0.3029020308999999
1932.0,0.4054531068659601
1943.0,0.2911626231446999
1952.0,0.45950202700335857
1954.0,0.30223840611074154
1965.0,0.23195061372990966
1977.0,0.6773069114506641
1993.0,0.5841672621985693
2004.0,0.41079240190758404
2016.0,0.24773398800000013
2017.0,0.21466721920000012
2022.0,0.24669577351002595
2033.0,0.4108199653876082
2036.0,0.47317481743720535
2073.0,0.46892258180275526
2094.0,0.3453064018719769
2117.0,0.4354573436816808
2119.0,0.4710155492444472
2147.0,0.41282611948384706
2151.0,0.41224681627589255
2154.0,0.38953325634445796
2178.0,0.3160208911880803
2188.0,0.1993075519660418
2189.0,0.2652449034310789
2192.0,0.4473608010594672
2197.0,0.4688625975466575
2205.0,0.41929865708033953
2206.0,0.427183373258549
2212.0,0.5709604816597601
2227.0,0.328263691599827
2244.0,0.16036172445700764
2249.0,0.24855548110481582
2255.0,0.11907194937575324
2259.0,0.14898288580674648
2266.0,0.05165975700000004
2280.0,0.0088388595
2314.0,0.052985692900000075
2316.0,0.04154300180000001
2332.0,0.13490392369999998
2341.0,0.02830166550000002
2342.0,0.04189155101616657
2358.0,0.1293569641000001
2359.0,0.10756228260000002
2363.0,0.10967708029999997
2370.0,0.21709951608132935
2371.0,0.17416373999463453
2379.0,0.2871188783969608
2388.0,0.20873117000000005
