test_index,y_pred
2.0,-0.002390000000000002
25.0,0.002830000000000002
32.0,-0.0016300000000000012
43.0,0.002100000000000001
49.0,0.0019700000000000013
53.0,-0.0008200000000000004
62.0,-0.002110000000000001
82.0,-0.0013400000000000007
83.0,-0.0018200000000000013
85.0,0.0016500000000000013
86.0,0.002410000000000002
112.0,0.0018800000000000015
114.0,-0.001540000000000001
120.0,-0.002190000000000002
127.0,-0.001450000000000001
134.0,0.005000000000000004
136.0,-0.0004900000000000002
139.0,0.0017600000000000014
146.0,0.0006300000000000005
150.0,0.0020300000000000014
152.0,0.0021300000000000012
166.0,-0.0016000000000000012
174.0,0.004480000000000003
175.0,0.0018500000000000014
192.0,0.0010100000000000007
194.0,-0.005500000000000004
195.0,0.0011100000000000007
205.0,0.0019700000000000013
215.0,-0.0022200000000000015
219.0,0.002390000000000002
238.0,0.002180000000000002
244.0,0.001530000000000001
253.0,0.0007800000000000005
270.0,-0.002390000000000002
278.0,0.0013100000000000008
283.0,-0.0022100000000000015
289.0,-0.0017100000000000012
305.0,-0.001390000000000001
309.0,-0.001360000000000001
355.0,-0.0019600000000000012
356.0,0.0011400000000000008
368.0,-0.0013000000000000008
383.0,0.001480000000000001
389.0,-0.0033900000000000024
451.0,0.0024000000000000015
489.0,-0.00037000000000000027
490.0,-0.0017900000000000012
492.0,0.0019500000000000014
493.0,0.001370000000000001
498.0,0.0021500000000000017
508.0,-0.0012100000000000008
516.0,0.002190000000000002
517.0,0.0016400000000000013
531.0,0.0012900000000000008
566.0,-0.001400000000000001
596.0,-0.0008700000000000007
602.0,0.0010000000000000007
609.0,-0.0017500000000000013
615.0,-0.001600000000000001
628.0,-0.0023500000000000014
643.0,0.0012200000000000008
644.0,-0.0010300000000000005
658.0,-0.002940000000000002
670.0,0.002340000000000002
674.0,0.001360000000000001
679.0,0.0016500000000000013
680.0,0.0007800000000000005
690.0,0.0015100000000000011
719.0,0.0017400000000000013
720.0,-0.00031
731.0,0.001090000000000001
739.0,0.0017200000000000013
741.0,0.0012700000000000005
802.0,0.001550000000000001
803.0,0.0016300000000000012
816.0,-0.0017900000000000012
820.0,0.0019800000000000013
857.0,0.0017000000000000012
859.0,-0.002680000000000002
869.0,0.001260000000000001
873.0,0.0023000000000000017
887.0,-0.0022300000000000015
897.0,-0.0032100000000000023
945.0,-0.0030300000000000023
972.0,-0.001350000000000001
979.0,-0.0024900000000000018
990.0,0.0033900000000000024
992.0,-0.0008000000000000005
999.0,-0.0018100000000000013
1006.0,0.00056
1029.0,-0.0007400000000000004
1064.0,-0.0013500000000000007
1096.0,0.0005200000000000003
1099.0,-0.0005600000000000002
1102.0,-0.0032700000000000025
1104.0,0.0016700000000000011
1105.0,0.0023100000000000017
1116.0,-0.0011000000000000007
1135.0,0.0009500000000000003
1151.0,-0.0023400000000000014
1196.0,0.0034200000000000025
1200.0,0.001550000000000001
1216.0,-0.003750000000000003
1230.0,-0.002710000000000002
1255.0,0.0021600000000000018
1271.0,-0.002970000000000002
1275.0,-0.0007300000000000004
1288.0,-0.0008800000000000005
1293.0,-0.00044000000000000034
1337.0,-0.006010000000000004
1358.0,-0.0032000000000000023
1361.0,0.00040000000000000013
1363.0,0.0018000000000000013
1391.0,-0.0025800000000000016
1401.0,0.001380000000000001
1415.0,-0.0011400000000000006
1424.0,-0.0005799999999999996
1461.0,0.0022700000000000016
1473.0,-0.0017600000000000014
1476.0,0.00016000000000000018
1493.0,-0.001480000000000001
1503.0,0.0015200000000000012
1505.0,0.0016500000000000013
1526.0,-0.0007000000000000003
1538.0,-0.003320000000000002
1548.0,-2e-05
1551.0,0.0011500000000000008
1552.0,-0.003120000000000002
1592.0,-0.001090000000000001
1621.0,-0.0017700000000000014
1647.0,-0.0022200000000000015
1661.0,-0.0010400000000000006
1673.0,-0.0026300000000000017
1676.0,0.0007900000000000006
1696.0,0.0021100000000000016
1697.0,0.001440000000000001
1700.0,-0.002700000000000002
1705.0,0.001380000000000001
1717.0,0.0023000000000000017
1723.0,-0.002960000000000002
1736.0,-0.001880000000000001
1751.0,-0.0008900000000000005
1752.0,0.0008500000000000005
1769.0,0.0008400000000000005
1772.0,-0.0013200000000000006
1776.0,-0.001250000000000001
1779.0,-0.0009000000000000006
1788.0,-0.0024300000000000016
1813.0,0.002840000000000002
1815.0,-0.0009500000000000005
1818.0,-0.002970000000000002
1822.0,0.00014000000000000001
1824.0,-0.0017000000000000012
1847.0,-0.0022800000000000016
1849.0,-0.0026000000000000016
1873.0,-0.001470000000000001
1878.0,-0.0034600000000000026
1890.0,0.0018200000000000013
1892.0,-0.0022400000000000015
1903.0,-0.001250000000000001
1907.0,-0.0018400000000000011
1911.0,0.001540000000000001
1920.0,-0.0020800000000000016
1924.0,0.0020000000000000013
1955.0,0.0010500000000000008
1987.0,0.0014600000000000008
1988.0,-0.0003600000000000002
2001.0,-0.001540000000000001
2005.0,0.0019100000000000013
2016.0,-0.0017800000000000012
2019.0,-0.002530000000000002
2038.0,0.0005700000000000004
2052.0,-0.002360000000000002
2068.0,0.004120000000000003
2086.0,-0.0014400000000000007
2093.0,-0.00011000000000000006
2100.0,-0.002900000000000002
2101.0,0.0019800000000000013
2104.0,0.0018900000000000015
2135.0,0.0015900000000000011
2161.0,0.0011100000000000007
2176.0,-0.0023200000000000017
2187.0,-0.0011900000000000007
2195.0,-0.0005700000000000004
2207.0,0.0002100000000000002
2217.0,-0.003110000000000002
2218.0,-0.0017200000000000013
2222.0,0.001550000000000001
2240.0,0.0003600000000000002
2250.0,0.00013000000000000004
2259.0,0.0016600000000000009
2277.0,-0.0001899999999999999
2292.0,0.0015900000000000011
2294.0,-0.001200000000000001
2305.0,0.0015200000000000012
2308.0,-0.00029
2329.0,-0.0021700000000000014
2330.0,0.00039000000000000005
2339.0,0.0032800000000000025
2346.0,-0.0035400000000000028
2347.0,-0.0024100000000000016
2366.0,0.0016100000000000012
2369.0,-0.0019500000000000014
2370.0,0.0024700000000000017
2378.0,-0.0018000000000000013
2380.0,-0.0006800000000000005
2386.0,0.0019700000000000013
2409.0,-0.0008400000000000004
2410.0,0.0017000000000000012
2414.0,-0.0011100000000000007
2424.0,-0.0004700000000000001
2434.0,-0.0017700000000000014
2435.0,-0.0018100000000000013
2438.0,0.0021200000000000017
2450.0,0.0021600000000000018
2451.0,0.002550000000000002
2463.0,3e-05
2467.0,0.0011800000000000007
2480.0,-0.0023900000000000015
2500.0,-0.0010600000000000006
2503.0,-0.0022200000000000015
2525.0,0.0025900000000000016
2535.0,0.001220000000000001
2536.0,0.00014000000000000023
2552.0,-0.0023900000000000015
2559.0,-0.0017400000000000013
2561.0,0.0006100000000000005
2565.0,0.001400000000000001
2566.0,-0.0006800000000000005
2575.0,0.001440000000000001
2594.0,-0.0019600000000000012
2596.0,-0.00035999999999999997
2600.0,0.0017100000000000012
2607.0,0.001540000000000001
2616.0,0.001550000000000001
2618.0,-0.0021200000000000012
2621.0,0.00020000000000000004
2633.0,-0.001390000000000001
2640.0,0.0021100000000000016
2642.0,0.0012800000000000008
2652.0,0.00020000000000000004
2655.0,-0.001400000000000001
2666.0,0.0021400000000000017
2668.0,-0.002700000000000002
2677.0,-0.0005700000000000004
2687.0,0.001260000000000001
2700.0,-0.0017600000000000014
2704.0,0.0002700000000000002
2727.0,-0.003740000000000003
2749.0,0.0011600000000000009
2761.0,-0.0010000000000000007
2763.0,0.0005200000000000002
2765.0,-0.001820000000000001
2773.0,0.0032500000000000025
2781.0,-0.001560000000000001
2783.0,0.005310000000000004
2784.0,0.0019300000000000014
2787.0,-0.0031800000000000023
2792.0,-0.002500000000000002
2798.0,0.0023200000000000013
2801.0,-0.0009600000000000006
2803.0,0.0023600000000000014
2804.0,-0.0026300000000000017
2843.0,-0.00042000000000000007
2854.0,-0.0019300000000000014
2873.0,0.002750000000000002
2890.0,0.001470000000000001
2895.0,0.0018300000000000011
2912.0,0.0006800000000000005
2915.0,5e-05
2916.0,0.0018800000000000015
2934.0,0.0010200000000000007
2942.0,-0.002370000000000002
2949.0,0.0014100000000000009
2972.0,-0.002850000000000002
2977.0,-0.0021300000000000017
2981.0,0.0017500000000000013
3008.0,-0.0022900000000000017
3010.0,-0.0019200000000000013
3074.0,0.003790000000000003
3075.0,0.0018000000000000013
3089.0,-0.001600000000000001
3109.0,0.0017100000000000012
3115.0,-0.0021200000000000012
3116.0,-0.0026200000000000017
3120.0,0.0018000000000000008
3156.0,0.0016000000000000012
3163.0,-0.002950000000000002
3168.0,0.0008700000000000007
3171.0,-0.00055
3193.0,-0.0016100000000000012
3197.0,0.0006800000000000004
3212.0,0.001210000000000001
3218.0,0.00019000000000000004
3220.0,-0.002800000000000002
3222.0,0.0018400000000000014
3227.0,-0.002850000000000002
3240.0,-0.0012800000000000008
3250.0,-0.0012500000000000005
3252.0,-0.005410000000000003
3258.0,-0.002210000000000002
3270.0,0.0022500000000000016
3276.0,-0.001360000000000001
3277.0,0.00013000000000000002
3278.0,0.0021300000000000017
3285.0,0.001460000000000001
3293.0,-0.0009400000000000005
3306.0,-0.002760000000000002
3313.0,0.001560000000000001
3318.0,0.0021100000000000016
3323.0,0.0024600000000000017
3326.0,-0.0021400000000000017
3340.0,0.0017300000000000013
3360.0,-0.0021300000000000017
3366.0,0.0008800000000000005
3386.0,0.002370000000000002
3388.0,0.003730000000000003
3402.0,-0.0021000000000000016
3406.0,-0.0033000000000000026
3407.0,-0.0011100000000000007
3408.0,0.0033600000000000023
3425.0,0.0005500000000000004
3431.0,-0.0003800000000000003
3439.0,-0.0022400000000000015
3450.0,0.001420000000000001
3474.0,-0.0020600000000000015
3483.0,-0.0017000000000000012
3484.0,0.0017200000000000013
3491.0,-0.001480000000000001
3494.0,0.0020300000000000014
3499.0,0.001250000000000001
3512.0,0.0020700000000000015
3513.0,0.001370000000000001
3515.0,0.0006600000000000004
3545.0,0.0016500000000000013
3551.0,0.0026300000000000017
3552.0,-0.004060000000000003
3554.0,0.0021700000000000014
3560.0,0.0009300000000000006
3563.0,-0.0020200000000000014
3571.0,0.0018200000000000013
3575.0,-0.0016000000000000012
3583.0,0.001420000000000001
3599.0,-0.0033300000000000022
3611.0,-0.0015900000000000011
3612.0,-0.0017200000000000013
3613.0,-0.002840000000000002
3622.0,0.0011700000000000007
3641.0,-0.0030500000000000024
3645.0,0.0006800000000000005
3663.0,-0.0015100000000000011
3664.0,-0.0010300000000000008
3667.0,-0.0037000000000000028
3671.0,0.0008500000000000006
3718.0,-0.0009700000000000006
3722.0,0.0007100000000000005
3731.0,0.001900000000000001
3743.0,0.0011100000000000007
3751.0,0.001540000000000001
3757.0,-0.0018300000000000013
3758.0,-0.0018200000000000013
3764.0,0.0009200000000000007
3765.0,-0.001780000000000001
3786.0,-0.001480000000000001
3792.0,4e-05
3801.0,0.0018200000000000013
3809.0,0.002760000000000002
3816.0,-0.003140000000000002
3821.0,0.001350000000000001
3823.0,-0.0017600000000000014
3824.0,0.0020300000000000014
3832.0,0.0017300000000000013
3841.0,-0.0020200000000000014
3849.0,0.001490000000000001
3851.0,0.0016800000000000012
3856.0,0.003750000000000003
3866.0,0.0012400000000000009
3871.0,0.0019200000000000013
3875.0,0.0016500000000000013
3877.0,-0.001460000000000001
3896.0,-0.0024800000000000017
3901.0,-0.0020600000000000015
3904.0,0.0008600000000000005
3907.0,-0.001340000000000001
3922.0,-0.0034000000000000024
3927.0,-0.0024200000000000016
3929.0,0.001530000000000001
3947.0,-0.0011200000000000008
3951.0,-0.001580000000000001
3954.0,0.0022300000000000015
3975.0,-0.003570000000000002
3982.0,-0.005270000000000004
3996.0,-0.001570000000000001
4015.0,-0.0018300000000000013
4017.0,0.0016500000000000013
4025.0,0.0016400000000000013
4027.0,0.0023800000000000015
4034.0,-0.0030500000000000024
4059.0,0.0019200000000000013
4063.0,-0.001550000000000001
4068.0,0.0006300000000000002
4086.0,-0.002060000000000001
4105.0,-0.002450000000000002
4120.0,0.0008800000000000007
4160.0,0.002500000000000002
4166.0,-0.0007900000000000004
4168.0,-0.0012800000000000005
4173.0,0.0008100000000000006
4195.0,0.0018900000000000015
4207.0,0.003080000000000002
4213.0,0.0017800000000000012
4251.0,-0.0006900000000000003
4266.0,-0.001390000000000001
4276.0,-0.004880000000000003
4287.0,0.0010100000000000007
4290.0,-0.0010300000000000005
4307.0,-0.0021900000000000014
4310.0,-0.001550000000000001
4314.0,-0.0030300000000000023
4316.0,0.0009800000000000008
4320.0,0.0018300000000000013
4334.0,-0.001220000000000001
4369.0,0.00043000000000000026
4370.0,-0.00010999999999999973
4408.0,-0.0026400000000000017
4409.0,-0.0016900000000000012
4410.0,0.001780000000000001
4434.0,-0.0016200000000000012
4456.0,0.001470000000000001
4462.0,-0.001360000000000001
4490.0,-0.002950000000000002
4498.0,-0.004670000000000003
4500.0,0.00015000000000000001
4507.0,0.0012100000000000008
4508.0,0.001400000000000001
4515.0,-0.0008500000000000006
4520.0,-0.0008900000000000006
4529.0,-6e-05
4538.0,-0.0018900000000000015
4546.0,-0.0007000000000000003
4552.0,0.00028000000000000025
4557.0,-0.0024700000000000017
4559.0,-0.001260000000000001
4570.0,-0.001570000000000001
4579.0,-0.0010100000000000003
4590.0,0.001450000000000001
4591.0,-0.0018300000000000013
4595.0,-0.0016000000000000012
4620.0,-0.0020400000000000014
4647.0,0.0016300000000000012
4653.0,-0.0012900000000000008
4655.0,-0.0003800000000000001
4663.0,0.0003400000000000002
4664.0,-8.673617379884036e-20
4678.0,-0.001890000000000001
4690.0,0.005120000000000003
4691.0,-0.001900000000000001
4711.0,0.0020000000000000013
4714.0,0.001100000000000001
4717.0,0.0009400000000000004
4739.0,0.00015999999999999988
4746.0,-0.0011400000000000008
4753.0,-0.0007200000000000004
4764.0,-0.0032500000000000025
4769.0,0.0016000000000000012
4776.0,0.00010999999999999998
4781.0,0.0024100000000000016
4785.0,-0.001810000000000001
4814.0,0.0011700000000000007
4821.0,-0.0024900000000000018
4840.0,-0.00078
4855.0,0.0009900000000000006
4908.0,0.0010000000000000007
4918.0,-0.00031999999999999976
4921.0,-0.0023000000000000017
4937.0,0.0006100000000000003
4939.0,0.0017100000000000012
4956.0,0.0009100000000000004
4958.0,0.001460000000000001
4967.0,-0.0017100000000000012
4970.0,-0.004490000000000003
4981.0,0.0015900000000000011
4989.0,-0.0006800000000000002
4990.0,0.0016700000000000011
4997.0,0.0017800000000000012
5023.0,0.0013000000000000008
5039.0,0.001470000000000001
5041.0,0.0012000000000000008
5042.0,-0.001760000000000001
5045.0,-0.0007100000000000001
5071.0,0.0022300000000000015
5074.0,-0.0013800000000000006
5089.0,0.001360000000000001
5102.0,-0.0028200000000000018
5125.0,-0.0005600000000000004
5131.0,0.0019800000000000013
5147.0,0.001560000000000001
5184.0,0.0003300000000000001
5187.0,0.0012400000000000009
5190.0,-0.0010300000000000008
5209.0,-0.0007800000000000005
5225.0,-0.001490000000000001
5241.0,0.0022700000000000016
5244.0,0.0019200000000000011
5260.0,0.0016300000000000012
5266.0,-0.0024800000000000017
5270.0,-7.999999999999997e-05
5289.0,7.999999999999997e-05
5292.0,-0.0017800000000000012
5307.0,0.0004300000000000001
5310.0,-0.001440000000000001
5324.0,0.0013000000000000008
5325.0,0.001540000000000001
5349.0,0.0024800000000000017
5357.0,0.0015200000000000012
5359.0,0.0009500000000000005
5366.0,0.0017600000000000014
5369.0,0.00025000000000000006
5378.0,0.0004000000000000003
5421.0,0.0015200000000000012
5444.0,-0.0021400000000000017
5460.0,0.0008700000000000007
5464.0,-0.002840000000000002
5488.0,-0.0005300000000000004
5504.0,-0.0015200000000000012
5509.0,-0.002840000000000002
5513.0,-0.0018900000000000015
5521.0,-0.0006300000000000002
5527.0,-0.0007400000000000004
5540.0,-0.002440000000000002
5544.0,-4e-05
5545.0,0.0026400000000000017
5556.0,0.0014700000000000008
5558.0,-0.004020000000000003
5559.0,-0.002370000000000002
5573.0,0.0013100000000000008
5599.0,0.001430000000000001
5601.0,-0.0043200000000000035
5608.0,0.002930000000000002
5623.0,-0.0008200000000000004
5635.0,-0.0025800000000000016
5637.0,0.0016500000000000013
5648.0,-0.0003800000000000001
5653.0,-0.002800000000000002
5685.0,-0.0017300000000000013
5695.0,-0.0011100000000000005
5696.0,-0.0015700000000000009
5705.0,-0.0018300000000000013
5706.0,-0.002540000000000002
5708.0,0.002200000000000002
5709.0,0.0009500000000000005
5711.0,0.003090000000000002
5743.0,-0.002440000000000002
5748.0,0.00015
5762.0,0.0019500000000000014
5781.0,-0.0017800000000000012
5798.0,-0.0007800000000000004
5824.0,0.0024700000000000017
5834.0,-0.004420000000000004
5835.0,0.002350000000000002
5836.0,0.0021200000000000017
5838.0,-0.0018600000000000014
5839.0,0.0005500000000000004
5848.0,0.0016500000000000013
5857.0,0.001450000000000001
5863.0,0.001340000000000001
5865.0,-0.001530000000000001
5876.0,0.0017100000000000012
5882.0,-0.00016
5900.0,-0.007010000000000005
5905.0,-0.0010800000000000007
5909.0,-0.0018400000000000007
5920.0,-0.0006100000000000004
5935.0,-0.001390000000000001
5936.0,-0.0015000000000000011
5937.0,-0.0007800000000000004
5957.0,-0.001760000000000001
5961.0,-0.0003200000000000001
5964.0,-0.0011900000000000007
5981.0,0.0005300000000000004
5991.0,0.004140000000000003
5996.0,0.00042000000000000045
6009.0,-0.0017200000000000013
6022.0,0.001800000000000001
6029.0,0.0010300000000000005
6037.0,0.0010800000000000007
6043.0,0.001490000000000001
6045.0,0.0028700000000000015
6064.0,0.0010100000000000005
6066.0,0.001470000000000001
6068.0,0.0006800000000000005
6085.0,-0.0025700000000000015
6111.0,0.00031000000000000005
6117.0,0.0007700000000000005
6143.0,0.0005800000000000003
6152.0,-0.0006500000000000003
6157.0,0.0017600000000000014
6162.0,-0.0016400000000000013
6163.0,0.0011100000000000007
6173.0,-0.0013300000000000009
6179.0,-0.0011000000000000007
6201.0,0.0007700000000000005
6207.0,0.0010600000000000006
6224.0,0.0041500000000000035
6247.0,0.0023300000000000018
6249.0,0.00039
6252.0,0.0019100000000000013
6258.0,0.0018400000000000014
6296.0,-0.002900000000000002
6307.0,-0.002830000000000002
6319.0,-0.0017500000000000013
6322.0,0.00038000000000000013
6323.0,0.001580000000000001
6333.0,0.0030000000000000022
6334.0,0.001470000000000001
6338.0,0.0030400000000000023
6340.0,0.0011400000000000008
6358.0,-0.0016400000000000013
6364.0,-0.001430000000000001
6378.0,-0.0020500000000000015
6382.0,-0.0006800000000000004
6390.0,0.0005300000000000005
6419.0,-0.002860000000000002
6442.0,-0.0021500000000000017
6460.0,0.0012300000000000008
6462.0,-0.001740000000000001
6481.0,0.0008800000000000007
6483.0,0.0023100000000000017
6512.0,-0.005010000000000003
6515.0,0.0017700000000000014
6516.0,-0.002500000000000001
6539.0,-0.002880000000000002
6553.0,-3.0000000000000018e-05
6558.0,-0.0020300000000000014
6564.0,0.001470000000000001
6568.0,-0.002520000000000002
6571.0,-0.0017200000000000013
6572.0,-0.002690000000000002
6578.0,-0.0022000000000000014
6589.0,0.0016100000000000012
6591.0,-8e-05
6597.0,-0.0008400000000000004
6599.0,-0.0023100000000000013
6601.0,0.0015200000000000007
6627.0,-0.0020200000000000014
6631.0,0.001540000000000001
6639.0,-0.0020200000000000014
6647.0,0.0010300000000000005
6649.0,-0.001420000000000001
6659.0,-0.001350000000000001
6660.0,0.002380000000000002
6664.0,0.0008200000000000006
6678.0,-0.0013200000000000006
6686.0,0.0019000000000000015
6701.0,0.003080000000000002
6705.0,0.0024400000000000016
6715.0,-0.0008700000000000003
6716.0,7.000000000000008e-05
6735.0,0.0010200000000000005
6742.0,0.0016300000000000012
6743.0,-0.0033000000000000026
6750.0,-0.0026200000000000017
6752.0,-0.0026100000000000016
6757.0,-0.0018800000000000015
6773.0,0.0030100000000000023
6816.0,0.001370000000000001
6818.0,-0.0034900000000000026
6822.0,-0.002860000000000002
6824.0,0.0017800000000000012
6848.0,-0.002790000000000002
6858.0,-0.0014100000000000007
6867.0,-0.001190000000000001
6868.0,0.0008900000000000004
6878.0,0.002210000000000002
6884.0,-0.0017900000000000012
6897.0,-0.0004300000000000001
6906.0,0.0022400000000000015
6909.0,-0.0011900000000000007
6918.0,-0.0017300000000000013
6925.0,-0.005250000000000004
6934.0,-0.0021000000000000016
6935.0,0.0011900000000000007
6939.0,-0.0011600000000000007
6942.0,-0.00044000000000000023
6953.0,0.0013300000000000009
6962.0,-0.0013100000000000008
6964.0,-0.0041500000000000035
6974.0,-0.0021900000000000014
6975.0,-0.002080000000000001
6982.0,-0.0034900000000000026
7003.0,0.0028700000000000015
7007.0,0.0012800000000000005
7017.0,-0.0012300000000000006
7018.0,-0.005220000000000003
7024.0,0.001890000000000001
7031.0,0.0041100000000000025
7032.0,0.0017500000000000013
7034.0,-0.00023999999999999992
7063.0,0.0024500000000000017
7080.0,0.0018000000000000013
7081.0,-0.001360000000000001
7087.0,0.001360000000000001
7105.0,-0.0026600000000000018
7107.0,-0.0013200000000000009
7131.0,0.0010900000000000007
7133.0,-0.0019500000000000014
7152.0,0.0019700000000000013
7156.0,0.0002800000000000001
7176.0,-0.00015999999999999993
7185.0,-0.002090000000000001
7191.0,0.0026200000000000017
7198.0,-0.0016900000000000012
7203.0,0.0007500000000000006
7204.0,0.0017100000000000012
7213.0,-0.003160000000000002
7217.0,0.0019100000000000013
7235.0,-0.0022400000000000015
7237.0,5.204170427930421e-20
7243.0,0.0008000000000000005
7248.0,0.001200000000000001
7267.0,-0.0005300000000000002
7282.0,-0.0010500000000000008
7304.0,-0.0020000000000000013
7310.0,-0.0008900000000000005
7313.0,-0.0010200000000000007
7317.0,-0.002690000000000002
7319.0,-0.002930000000000002
7331.0,0.002540000000000002
7345.0,-0.002380000000000002
7352.0,-0.0007800000000000001
7354.0,0.0007500000000000006
7361.0,0.0008800000000000005
7374.0,-0.0012400000000000009
7376.0,0.00036
7387.0,-0.002700000000000002
7391.0,-0.0023200000000000017
7395.0,-0.0015900000000000011
7396.0,-0.0016500000000000013
7398.0,0.0020300000000000014
7399.0,0.0017000000000000012
7416.0,0.0005900000000000006
7438.0,-0.0024800000000000017
7439.0,-0.00023999999999999992
7447.0,0.0018400000000000014
7472.0,0.001190000000000001
7476.0,-0.0008900000000000006
7496.0,0.0018100000000000013
7507.0,-0.004060000000000003
7514.0,0.001340000000000001
7527.0,0.0019000000000000015
7529.0,-0.002340000000000002
7531.0,-0.0006500000000000003
7533.0,0.002190000000000002
7539.0,0.0015000000000000007
7541.0,0.0017800000000000012
7542.0,-0.0011500000000000008
7549.0,0.004250000000000003
7552.0,-0.0008400000000000006
7559.0,-0.0018100000000000013
7565.0,-0.0011700000000000007
7571.0,-0.0011400000000000008
7580.0,0.0016800000000000012
7606.0,-0.0022900000000000017
7634.0,0.0011500000000000008
7637.0,0.0012400000000000009
7642.0,-0.001390000000000001
7647.0,-0.0006200000000000001
7650.0,-0.0016900000000000012
7660.0,0.001390000000000001
7666.0,-0.004730000000000003
7685.0,0.0010800000000000009
7699.0,0.0019500000000000014
7711.0,0.0006000000000000003
7719.0,-0.0014200000000000007
7739.0,-0.0017600000000000014
7757.0,0.002720000000000002
7758.0,-0.0009400000000000005
7759.0,0.0002900000000000001
7760.0,-0.00040000000000000024
7768.0,-0.001260000000000001
7781.0,0.0003400000000000001
7788.0,-0.001550000000000001
7791.0,-0.0023300000000000018
7801.0,-0.0032900000000000026
7838.0,0.002520000000000002
7844.0,-0.0004600000000000003
7864.0,0.00014
7866.0,-0.0011600000000000007
7871.0,0.002530000000000002
7880.0,-0.00029000000000000016
7881.0,-0.0028100000000000017
7889.0,-0.003070000000000002
7893.0,-0.0021300000000000012
7903.0,-0.002890000000000002
7922.0,0.0012800000000000008
7925.0,-0.0012800000000000008
7947.0,0.002900000000000002
7955.0,-0.001400000000000001
7957.0,4e-05
7974.0,2.9999999999999997e-05
7975.0,-0.0005700000000000003
8016.0,0.0023300000000000013
8049.0,0.001390000000000001
8065.0,-0.0023300000000000018
8075.0,-0.0016400000000000013
8078.0,0.0018600000000000014
8081.0,0.0026000000000000016
8086.0,-0.0011300000000000006
8088.0,0.002070000000000001
8099.0,-0.003070000000000002
8115.0,0.0018800000000000015
8132.0,0.001400000000000001
8140.0,-0.0017700000000000014
8143.0,-0.0004900000000000002
8149.0,0.0016500000000000013
8158.0,-0.0005800000000000003
8163.0,0.0026000000000000016
8166.0,-0.002110000000000001
8184.0,0.0020200000000000014
8186.0,0.004090000000000003
8196.0,-0.0034600000000000026
8206.0,-0.0019600000000000017
8209.0,0.001570000000000001
8215.0,0.0017800000000000012
8221.0,-0.0009100000000000004
8224.0,-0.002190000000000002
8237.0,-0.0006400000000000003
8250.0,0.00043000000000000015
8252.0,0.001180000000000001
8259.0,0.001420000000000001
8261.0,-0.0001700000000000001
8264.0,0.001550000000000001
8270.0,-0.003910000000000003
8273.0,0.0009900000000000004
8277.0,-0.001570000000000001
8280.0,-0.004600000000000003
8281.0,-0.002890000000000002
8294.0,0.0022400000000000015
8315.0,0.0035100000000000027
8316.0,0.0013300000000000009
8344.0,-0.0019700000000000013
8345.0,-0.002670000000000002
8358.0,-0.001270000000000001
8364.0,-0.0038700000000000028
8372.0,0.0018600000000000014
8377.0,0.0014900000000000009
8394.0,0.0018500000000000014
8398.0,0.001260000000000001
8400.0,0.001430000000000001
8406.0,0.0010700000000000006
8409.0,0.0016100000000000012
8410.0,-0.0034100000000000024
8446.0,-0.00032
8454.0,-0.0017700000000000014
8466.0,-0.0030300000000000023
8471.0,-0.0023300000000000018
8490.0,0.0020300000000000014
8501.0,-0.001090000000000001
8506.0,0.0022700000000000016
8510.0,0.001810000000000001
8515.0,0.0010700000000000009
8523.0,0.0020100000000000014
8530.0,0.001260000000000001
8531.0,-0.002680000000000002
8535.0,-0.0019500000000000014
8536.0,0.0019000000000000015
8538.0,0.0017400000000000013
8561.0,-0.003880000000000003
8579.0,-0.0017900000000000012
8588.0,-0.002980000000000002
8607.0,0.0017200000000000013
8611.0,-0.002770000000000002
8624.0,-0.0021700000000000014
8639.0,0.0010000000000000007
8644.0,-0.002060000000000001
8655.0,0.0021500000000000017
8656.0,-0.001550000000000001
8670.0,-0.003060000000000002
8673.0,0.001550000000000001
8678.0,-0.002540000000000002
8679.0,-0.0004800000000000003
8686.0,-0.001800000000000001
8687.0,-0.004040000000000003
8689.0,0.001550000000000001
8703.0,-0.0017100000000000012
8712.0,0.0009200000000000006
8733.0,-0.002520000000000002
8747.0,-0.002670000000000002
8751.0,0.0015000000000000011
8757.0,-0.0007500000000000006
8811.0,-0.0007800000000000004
8812.0,-0.001400000000000001
8830.0,-0.0007900000000000004
8848.0,0.001540000000000001
8863.0,-0.0023800000000000015
8866.0,0.004460000000000003
8870.0,0.0015000000000000011
8871.0,-0.001440000000000001
8911.0,0.001250000000000001
8914.0,-0.001610000000000001
8917.0,-0.0023100000000000013
8921.0,0.0018900000000000015
8944.0,-0.0005299999999999995
8969.0,-0.002730000000000002
8972.0,-0.0026600000000000018
8974.0,0.0008700000000000003
9015.0,-0.0012000000000000008
9019.0,0.0007900000000000004
9022.0,-0.0031900000000000023
9031.0,-0.0009000000000000005
9032.0,-0.0017800000000000012
9034.0,0.0010600000000000006
9058.0,-0.002190000000000002
9069.0,0.001450000000000001
9082.0,0.0016000000000000012
9091.0,0.0021200000000000017
9127.0,-0.0023100000000000017
9128.0,-0.0018900000000000015
9133.0,0.0010700000000000009
9135.0,0.0003800000000000002
9142.0,-0.0014100000000000009
9144.0,0.0008900000000000005
9145.0,-0.0019600000000000012
9155.0,0.0032700000000000025
9170.0,0.001480000000000001
9175.0,0.001570000000000001
9178.0,-0.0022500000000000016
9188.0,0.002440000000000002
9221.0,0.00012000000000000014
9226.0,-0.002710000000000002
9227.0,-0.0007600000000000002
9249.0,0.0021100000000000016
9280.0,0.0019300000000000014
9299.0,0.001470000000000001
9315.0,0.001580000000000001
9322.0,-0.0022300000000000015
9323.0,-0.0015800000000000009
9344.0,-0.0019500000000000014
9351.0,-0.0026300000000000017
9352.0,-0.001200000000000001
9357.0,-0.002780000000000002
9365.0,-0.002700000000000002
9373.0,-0.0003600000000000002
9384.0,0.0009300000000000006
9390.0,0.0003800000000000002
9420.0,0.0006000000000000003
9429.0,-7.999999999999997e-05
9463.0,-0.003120000000000002
9478.0,-0.003560000000000002
9480.0,-0.002540000000000002
9486.0,-0.0010000000000000007
9509.0,0.0021600000000000013
