test_index,y_pred
4.0,2.7270000000000003
16.0,16.082
34.0,8.626
64.0,16.974
98.0,38.583
114.0,23.191999999999997
116.0,30.35
119.0,35.41
127.0,10.680000000000001
130.0,13.809999999999999
143.0,39.388000000000005
146.0,46.015
154.0,18.567
160.0,27.663999999999998
161.0,30.919999999999998
189.0,43.32299999999999
190.0,46.751000000000005
197.0,67.69800000000001
200.0,23.269
202.0,23.855
206.0,31.105
225.0,27.002
241.0,65.22299999999998
253.0,1.932
262.0,11.159
301.0,4.2829999999999995
335.0,15.318000000000001
337.0,18.700000000000003
379.0,15.169999999999998
391.0,36.977000000000004
395.0,49.139
412.0,36.623
417.0,49.266999999999996
466.0,60.42099999999999
474.0,91.26
488.0,62.38900000000001
492.0,72.62700000000001
502.0,2.257
512.0,12.790999999999999
524.0,26.130000000000003
537.0,1.0939999999999999
559.0,25.508
562.0,29.683
563.0,28.695000000000004
569.0,32.646
574.0,3.471
580.0,8.520999999999999
595.0,25.630000000000003
600.0,30.355999999999995
606.0,37.85
608.0,40.696000000000005
616.0,10.965
623.0,17.783
635.0,35.135
646.0,48.64399999999999
659.0,22.232999999999997
663.0,29.306
675.0,44.41799999999999
698.0,36.612
699.0,37.858999999999995
709.0,46.265
717.0,62.827999999999996
728.0,26.223000000000003
732.0,36.247
740.0,45.968999999999994
753.0,74.83500000000001
766.0,33.357000000000006
769.0,39.123
775.0,55.36800000000001
784.0,72.60499999999999
804.0,45.939
815.0,69.833
825.0,101.61200000000001
830.0,114.96600000000001
851.0,77.07399999999998
853.0,83.28200000000001
854.0,89.861
860.0,106.444
863.0,122.429
870.0,0.20199999999999996
876.0,6.780000000000001
878.0,8.653
895.0,31.418
953.0,37.283
954.0,38.39699999999999
956.0,40.798
959.0,44.294
971.0,15.622999999999996
975.0,22.359
980.0,33.376999999999995
991.0,51.508
995.0,13.295000000000002
1012.0,41.811
1015.0,52.632000000000005
1016.0,54.181000000000004
1021.0,60.88799999999999
1028.0,17.525
1045.0,55.96099999999999
1059.0,23.026
1060.0,32.164
1062.0,33.260000000000005
1066.0,40.667
1069.0,51.374
1076.0,69.156
1081.0,83.00000000000001
1082.0,84.963
1122.0,46.617000000000004
1139.0,102.602
1147.0,122.306
1148.0,114.56599999999999
1150.0,42.839
1154.0,57.854000000000006
1156.0,65.37699999999998
1166.0,101.189
1167.0,101.845
1184.0,3.2939999999999996
1191.0,11.709999999999999
1218.0,16.442000000000004
1243.0,18.983999999999998
1267.0,22.42
1275.0,42.277
1282.0,9.885
1291.0,23.232999999999997
1300.0,54.86899999999999
1306.0,13.703
1348.0,66.57199999999999
1363.0,39.60300000000001
1365.0,45.300000000000004
1369.0,59.99699999999999
1409.0,46.77900000000001
1445.0,20.671999999999997
1470.0,22.497999999999998
1478.0,40.739
1484.0,10.562999999999999
1495.0,25.386
1500.0,37.977999999999994
1516.0,26.008
1527.0,51.462
1528.0,52.771
1529.0,55.879
1542.0,31.169
1568.0,40.165000000000006
1570.0,46.61800000000001
1571.0,50.221000000000004
1585.0,30.357999999999997
1597.0,64.729
1625.0,88.79999999999998
1631.0,33.721000000000004
1635.0,44.48700000000001
1636.0,53.338
1648.0,91.189
1663.0,63.611000000000004
1664.0,67.14899999999999
1678.0,131.24499999999998
1679.0,132.03900000000002
1682.0,1.714
1685.0,3.224
1686.0,3.457
1687.0,4.598999999999999
1693.0,9.971999999999998
1696.0,17.137
1707.0,2.911
1715.0,9.222
1722.0,19.503
1733.0,5.445
1734.0,7.131000000000002
1757.0,6.553
1794.0,23.259999999999998
1802.0,44.484
1806.0,11.913999999999998
1816.0,24.19
1819.0,28.881
1841.0,33.501
1843.0,36.29
1853.0,63.69100000000001
1895.0,56.67999999999999
1899.0,69.69900000000003
1930.0,0.24000000000000005
1931.0,0.8390000000000001
1955.0,2.111999999999999
1959.0,6.055
1981.0,4.68
1982.0,5.544
1986.0,7.345999999999999
1998.0,29.516000000000002
2027.0,44.763
2038.0,17.456000000000003
2041.0,23.538
2047.0,38.400999999999996
2049.0,45.805
2056.0,13.635
2061.0,20.699
2062.0,22.514000000000003
2065.0,33.362
2070.0,36.11999999999999
2082.0,19.723000000000003
2141.0,53.041
2143.0,57.580999999999996
2156.0,33.46499999999999
2160.0,45.489999999999995
2200.0,28.558
2205.0,2.862
2237.0,13.745
2255.0,7.072999999999999
2265.0,21.325
2278.0,49.605000000000004
2294.0,34.798
2300.0,51.090999999999994
2326.0,60.760000000000005
2327.0,66.17999999999998
2363.0,39.626
2368.0,58.94500000000001
2385.0,41.175999999999995
2391.0,63.215999999999994
2427.0,107.625
2433.0,7.700000000000001
2435.0,9.328
2444.0,19.776
2454.0,32.602
2455.0,32.931000000000004
2479.0,26.940000000000005
2485.0,34.827
2489.0,38.025000000000006
2491.0,38.13699999999999
2502.0,17.043000000000003
2504.0,20.178
2511.0,32.434000000000005
2524.0,8.315999999999999
2537.0,28.367
2539.0,34.92700000000001
2546.0,42.807
2556.0,13.623999999999999
2557.0,15.572
2558.0,20.615
2565.0,28.79
2568.0,34.197
2612.0,65.19300000000001
2613.0,67.843
2616.0,20.993
2625.0,39.01299999999999
2660.0,56.75100000000001
2675.0,89.99499999999998
2690.0,62.75999999999999
2693.0,73.50699999999999
2695.0,77.276
2701.0,98.28999999999999
2729.0,100.545
2731.0,95.737
2733.0,104.94000000000001
2734.0,103.43199999999999
2735.0,113.38000000000002
2738.0,119.35600000000002
2744.0,-0.9749999999999996
2747.0,1.5260000000000002
2773.0,29.519000000000005
2774.0,30.625
2777.0,37.39200000000001
2782.0,0.5170000000000001
2786.0,3.1080000000000005
2790.0,6.947
2806.0,21.115000000000002
2808.0,23.257
2811.0,27.383999999999997
2816.0,32.455
2824.0,3.6019999999999994
2838.0,14.687999999999999
2839.0,15.341999999999999
2849.0,26.203999999999997
2869.0,8.749
2888.0,24.904
2896.0,33.748
2901.0,40.209999999999994
2904.0,8.867999999999999
2911.0,12.712
2914.0,16.683999999999997
2919.0,20.107000000000003
2931.0,32.784000000000006
2938.0,42.025
2950.0,14.821000000000002
2959.0,23.5
2961.0,26.139999999999997
2967.0,31.939999999999998
2975.0,43.941
2976.0,45.312000000000005
2982.0,55.89
2993.0,19.839
2999.0,27.79
3005.0,33.499
3009.0,40.328
3051.0,55.248000000000005
3059.0,74.699
3060.0,81.213
3067.0,101.22
3069.0,23.166999999999998
3073.0,28.442
3087.0,55.70799999999999
3092.0,62.108000000000004
3099.0,82.161
3104.0,95.15299999999999
3108.0,112.547
3118.0,38.173
3120.0,40.05800000000001
3124.0,50.93300000000001
3140.0,96.667
3146.0,121.651
3147.0,121.651
3152.0,-0.23999999999999994
3157.0,5.3660000000000005
3170.0,21.664
3171.0,23.03
3175.0,26.199
3183.0,35.580000000000005
3191.0,-0.2759999999999999
3202.0,11.767999999999997
3219.0,33.17
3222.0,33.928999999999995
3234.0,3.9230000000000005
3242.0,11.955000000000002
3251.0,22.474
3255.0,27.282999999999998
3261.0,34.124
3267.0,43.237
3272.0,46.028
3294.0,31.242
3301.0,37.818
3302.0,40.413999999999994
3304.0,43.003
3314.0,11.024999999999999
3324.0,19.327000000000005
3327.0,23.075999999999997
3342.0,45.162
3343.0,48.411
3348.0,56.498000000000005
3354.0,66.789
3356.0,15.875
3369.0,29.663999999999998
3373.0,37.96799999999999
3385.0,59.553999999999995
3394.0,76.60000000000001
3397.0,17.568
3420.0,56.470000000000006
3436.0,94.70000000000002
3440.0,27.092000000000002
3444.0,36.789
3445.0,36.354
3446.0,38.584
3457.0,60.178
3461.0,74.124
3465.0,86.70000000000002
3474.0,112.583
3498.0,69.324
3506.0,96.92
3510.0,105.89500000000001
3546.0,106.91900000000003
3556.0,145.20000000000002
3561.0,-10.639
3577.0,20.502999999999997
3581.0,27.665000000000003
3582.0,29.397999999999996
3627.0,36.027
3636.0,49.45399999999999
3643.0,4.354000000000001
3645.0,6.188
3672.0,42.10699999999999
3675.0,45.201
3696.0,25.959000000000003
3723.0,62.81700000000002
3730.0,20.372999999999998
3736.0,28.57899999999999
3743.0,36.620000000000005
3746.0,40.37500000000001
3748.0,47.016
3763.0,76.21
3766.0,20.052000000000003
3769.0,22.647000000000002
3772.0,27.875
3777.0,36.10200000000001
3791.0,60.164
3798.0,77.968
3840.0,98.80699999999999
3843.0,104.03
3847.0,29.648999999999994
3851.0,37.805
3854.0,42.79
3863.0,66.988
3884.0,140.625
3890.0,35.13
3913.0,110.9
3923.0,160.42000000000002
3943.0,84.434
3952.0,123.426
3969.0,209.448
3974.0,3.749
3987.0,23.931999999999995
3991.0,30.445000000000004
3993.0,31.129
4000.0,42.353
4014.0,10.713999999999999
4029.0,33.81
4045.0,4.083
4057.0,25.427
4061.0,29.819
4067.0,42.817
4070.0,45.227000000000004
4079.0,56.636
4090.0,20.139000000000003
4097.0,33.447
4107.0,50.76100000000001
4115.0,63.65399999999998
4117.0,71.188
4131.0,30.768
4132.0,32.958
4142.0,55.95000000000001
4146.0,62.525999999999996
4171.0,44.221000000000004
4185.0,82.78900000000002
4191.0,97.97999999999999
4199.0,38.452999999999996
4218.0,85.29199999999999
4249.0,77.79099999999998
4276.0,66.066
4282.0,85.286
4297.0,142.50000000000003
4330.0,144.56800000000004
4341.0,-7.0
4360.0,32.282000000000004
4364.0,39.203
4380.0,68.83
4389.0,11.368
4413.0,58.86
4426.0,11.308000000000003
4433.0,22.877999999999997
4452.0,61.181000000000004
4465.0,11.415000000000001
4474.0,33.074
4488.0,55.370000000000005
4491.0,62.72700000000001
4492.0,62.335000000000015
4493.0,67.561
4495.0,72.075
4496.0,76.76
4499.0,83.266
4514.0,37.543000000000006
4548.0,37.14099999999999
4551.0,40.498000000000005
4555.0,46.585
4565.0,66.533
4583.0,125.518
4592.0,53.359
4598.0,61.205000000000005
4611.0,100.16899999999998
4636.0,65.08000000000001
4642.0,82.299
4646.0,97.80699999999999
4658.0,154.136
4659.0,161.548
4682.0,94.656
4721.0,7.0329999999999995
4723.0,9.162000000000003
4729.0,15.204999999999998
4735.0,21.991999999999997
4736.0,22.213
4737.0,23.106
4744.0,28.184999999999995
4752.0,1.3700000000000003
4754.0,2.67
4777.0,21.928999999999995
4779.0,23.634
4780.0,23.892
4798.0,6.992999999999999
4799.0,7.359
4843.0,11.492999999999999
4846.0,13.526999999999997
4859.0,24.342000000000002
4869.0,36.419
4875.0,9.018
4887.0,17.154
4891.0,21.317
4893.0,22.796
4911.0,45.56099999999999
4929.0,20.211000000000002
4931.0,22.599999999999998
4933.0,27.068
4946.0,42.08
4968.0,27.05
4973.0,30.159000000000002
4976.0,35.872
4980.0,39.935
4992.0,65.095
5016.0,42.871
5051.0,35.74400000000001
5052.0,35.74400000000001
5053.0,38.826
5056.0,44.910000000000004
5068.0,73.812
5073.0,87.962
5088.0,37.875
5092.0,44.92100000000001
5104.0,70.69999999999999
5116.0,113.47
5134.0,15.035
5147.0,29.600000000000005
5161.0,5.514
5172.0,17.476000000000006
5173.0,18.229000000000003
5177.0,22.589999999999996
5188.0,33.047
5191.0,37.92999999999999
5211.0,21.267999999999994
5215.0,25.363999999999997
5222.0,33.707
5225.0,38.017
5226.0,40.169
5232.0,6.669
5237.0,10.913
5248.0,25.641000000000002
5249.0,26.928000000000004
5254.0,35.071
5258.0,38.437
5276.0,17.738999999999997
5279.0,24.814999999999998
5287.0,31.895999999999994
5293.0,43.529999999999994
5305.0,13.420999999999998
5308.0,15.992999999999999
5311.0,19.012
5315.0,26.439999999999998
5323.0,37.657999999999994
5334.0,58.85799999999999
5353.0,36.617999999999995
5387.0,41.921
5390.0,41.05800000000001
5392.0,51.847
5393.0,54.134
5408.0,83.392
5423.0,41.401999999999994
5442.0,91.215
5450.0,111.237
5463.0,59.376
5486.0,128.59
5496.0,11.800999999999998
5504.0,20.794
5511.0,31.236999999999995
5512.0,32.568
5530.0,6.2780000000000005
5534.0,11.384
5535.0,13.186000000000002
5536.0,14.859
5539.0,20.175000000000004
5575.0,19.165000000000003
5578.0,22.321000000000005
5581.0,31.167
5588.0,38.193999999999996
5592.0,44.864
5596.0,52.05500000000001
5600.0,5.386
5611.0,26.022000000000002
5616.0,32.681
5618.0,34.646
5625.0,43.823
5630.0,52.697
5644.0,22.663
5675.0,16.532
5685.0,33.245999999999995
5691.0,44.18600000000001
5699.0,63.75100000000001
5726.0,52.952
5727.0,55.772000000000006
5730.0,69.78999999999999
5731.0,71.612
5732.0,65.626
5734.0,69.274
5739.0,86.38399999999997
5745.0,104.06200000000001
5757.0,49.693
5759.0,51.94199999999999
5772.0,93.169
5791.0,53.848
5794.0,62.529999999999994
5800.0,72.45899999999999
5801.0,79.56500000000003
5847.0,130.67700000000002
5854.0,161.945
5855.0,166.90099999999998
5864.0,10.212
5869.0,18.352000000000004
5877.0,30.181
5878.0,30.645999999999997
5881.0,35.484
5883.0,40.266000000000005
5892.0,56.532000000000004
5895.0,62.004
5906.0,18.01
5915.0,33.556
5917.0,38.346999999999994
5919.0,43.152
5949.0,29.149
5959.0,51.847000000000016
5977.0,17.419999999999998
5980.0,22.562
5986.0,36.47800000000001
5988.0,40.19800000000001
5991.0,44.876
5999.0,63.67500000000001
6002.0,70.75
6015.0,23.18
6019.0,33.873
6051.0,27.827999999999996
6065.0,65.085
6070.0,82.92500000000001
6102.0,84.469
6164.0,73.89500000000001
6170.0,98.025
6181.0,140.97499999999997
6184.0,160.56300000000002
6197.0,75.54999999999998
6205.0,102.94000000000003
6231.0,1.0550000000000002
6235.0,3.436000000000001
6242.0,8.407
6265.0,13.197
6278.0,10.357000000000001
6287.0,1.7280000000000004
6293.0,8.821
6294.0,10.008999999999999
6295.0,12.64
6303.0,23.177000000000003
6310.0,5.784
6313.0,11.639
6320.0,24.467000000000002
6331.0,12.342
6335.0,19.163999999999998
6349.0,11.344999999999999
6360.0,39.33
6363.0,7.3050000000000015
6373.0,29.114000000000004
6374.0,29.041000000000004
6390.0,24.336
6396.0,43.50600000000001
6397.0,43.842000000000006
6401.0,0.757
6407.0,2.2929999999999997
6413.0,5.677
6420.0,8.58
6427.0,11.382000000000001
6432.0,13.411000000000001
6439.0,1.1400000000000001
6448.0,4.761000000000001
6457.0,9.581999999999999
6484.0,5.253999999999999
6489.0,7.183
6528.0,9.265
6541.0,17.05
6545.0,20.968000000000004
6546.0,21.045
6585.0,4.67
6588.0,5.857999999999999
6614.0,23.172000000000004
6616.0,29.096000000000004
6617.0,29.65500000000001
6628.0,9.971
6640.0,19.208999999999996
6655.0,37.03000000000001
6665.0,12.210000000000003
6668.0,14.708000000000002
6694.0,41.28000000000001
6700.0,14.781
6709.0,23.758000000000003
6713.0,28.610000000000003
6736.0,17.051000000000002
6742.0,21.371
6748.0,28.307000000000006
6756.0,39.129999999999995
6776.0,8.432000000000002
6783.0,19.595999999999997
6799.0,20.246999999999996
6823.0,19.614000000000004
6848.0,19.636000000000003
6850.0,21.582
6854.0,30.357
6863.0,21.791
6873.0,50.91699999999999
6892.0,32.087
6893.0,32.566
6895.0,35.193999999999996
6905.0,-0.05500000000000001
6910.0,6.271999999999999
6938.0,6.94
6944.0,16.674999999999997
6949.0,23.616999999999997
6959.0,20.444000000000006
6975.0,28.15
6980.0,12.979999999999999
6988.0,26.512999999999998
7002.0,32.33899999999999
7034.0,53.887
7035.0,58.891
7040.0,1.6730000000000005
7041.0,3.35
7059.0,29.671000000000003
7060.0,0.5090000000000001
7065.0,7.148000000000001
7073.0,20.41
7098.0,33.022
7099.0,35.870999999999995
7101.0,5.952
7102.0,7.115
7115.0,34.317
7121.0,8.395
7124.0,13.207999999999998
7148.0,26.917
7161.0,18.0
7178.0,61.11800000000001
7188.0,40.976
7208.0,49.81399999999999
7209.0,52.825
7215.0,77.51700000000001
7218.0,88.788
7230.0,14.934999999999999
7233.0,20.336
7246.0,7.819
7253.0,20.61
7270.0,17.809000000000005
7274.0,24.571999999999996
7289.0,20.975
7297.0,38.247
7302.0,11.475999999999999
7305.0,16.298
7314.0,36.672
7322.0,16.561
7325.0,21.207
7326.0,26.709999999999997
7330.0,34.816
7332.0,38.848
7371.0,52.607000000000006
7372.0,55.715999999999994
7375.0,69.873
7383.0,30.974
7385.0,37.038000000000004
7389.0,51.763999999999996
