test_index,y_pred
8.0,-0.0022178669460117817
12.0,-0.002942252205684781
14.0,0.0011857544304803014
17.0,-0.0024200172629207373
30.0,0.001723061315715313
31.0,-0.0012671509757637978
37.0,-0.00054295634618029
46.0,-0.0017397612100467086
58.0,-0.0004759552830364555
81.0,-0.00011513061326695606
96.0,-0.0027706134133040905
99.0,0.0014131601201370358
101.0,-0.0003730732714757323
111.0,-0.0014725890941917896
132.0,-0.003172280266880989
149.0,0.0030851359479129314
157.0,-0.0031041621696203947
168.0,0.002718439092859626
180.0,0.0007765684858895838
185.0,-0.002958594588562846
199.0,0.0032694523688405752
209.0,0.003412328427657485
211.0,-0.002443770645186305
217.0,0.00475717056542635
221.0,0.00328684039413929
229.0,-0.0017389360582455993
233.0,0.0014159127604216337
247.0,0.00015748867008369416
252.0,-0.0016393056139349937
263.0,-0.0021744121331721544
291.0,-0.003105886746197939
319.0,-0.0004525591793935746
334.0,0.0019427165389060974
337.0,0.004193657077848911
349.0,-0.0020089747849851847
350.0,0.0004275701357983053
385.0,-0.004320728592574596
393.0,0.002683372935280204
400.0,-0.0019002733752131462
411.0,-0.0033337946515530348
429.0,0.0023149114567786455
449.0,-0.0015930332010611892
453.0,0.0018907078774645925
455.0,-0.001780895167030394
461.0,0.003584766760468483
462.0,-0.0015995793510228395
465.0,-0.0017232339596375823
485.0,-0.004291319288313389
496.0,0.0014782627113163471
510.0,0.004653191193938255
511.0,-0.0010876203887164593
513.0,-0.001689331722445786
532.0,0.0005021228571422398
538.0,-0.0005714300204999745
540.0,0.002865964313969016
550.0,0.0030755214393138885
554.0,-0.002097883028909564
564.0,-0.0008715573931112885
576.0,0.00266376044601202
594.0,-0.0013760641450062394
601.0,-0.0006191286956891418
604.0,0.001985975308343768
605.0,-0.0014489567838609219
613.0,-0.001698533771559596
618.0,-0.0022705800365656614
625.0,0.00022690081095788628
647.0,9.615915769245476e-05
664.0,0.0030665721278637648
675.0,0.0009072396787814796
676.0,-0.0013405057834461331
682.0,-0.0026335769798606634
696.0,-0.0032692020758986473
710.0,-0.0015873919473960996
718.0,0.0016901511698961258
724.0,0.0012202175566926599
730.0,0.002791791222989559
736.0,0.0014063948765397072
738.0,0.0033370880410075188
742.0,-0.0012130895629525185
748.0,0.0029603284783661366
758.0,-0.0024869288317859173
766.0,0.001965808914974332
809.0,0.0034304074943065643
810.0,0.0028615312185138464
811.0,-0.0021932919044047594
828.0,0.001939761801622808
831.0,-0.003016064176335931
833.0,-0.0018289076397195458
841.0,-0.0019660789985209703
852.0,0.0007367225480265915
858.0,0.0019657518714666367
862.0,-0.0017389360582455993
866.0,0.0004982049576938152
872.0,0.003316289745271206
879.0,0.0013078096089884639
883.0,-0.0007675258093513548
914.0,0.0016546358820050955
927.0,-0.0015689071733504534
934.0,0.0021156873553991318
940.0,0.0022366847842931747
947.0,-0.0003182385698892176
967.0,-0.00026511395117267966
994.0,-0.003874959656968713
1002.0,-0.0053082117810845375
1005.0,0.0012422514846548438
1009.0,0.0030017353128641844
1017.0,-0.002934398828074336
1022.0,0.0009351703338325024
1044.0,0.00319729489274323
1052.0,-0.001439716201275587
1055.0,0.0019344753818586469
1057.0,-5.5878372222650796e-05
1095.0,-0.0016624582931399345
1115.0,0.00030609651003032923
1126.0,-0.0013575094053521752
1127.0,0.0018415766535326838
1153.0,-0.0009671450243331492
1156.0,0.00020840110664721578
1183.0,-0.0018030338687822223
1195.0,0.002203218871727586
1197.0,-0.0017357192700728774
1210.0,-0.003609634004533291
1220.0,0.002682283753529191
1222.0,-0.001823132741264999
1226.0,0.0033747998531907797
1250.0,0.003401167457923293
1253.0,-0.0003712177276611328
1287.0,-0.005471392069011927
1298.0,-0.0013723442098125815
1314.0,0.004377083387225866
1318.0,0.0022860211320221424
1322.0,-0.0021711166482418776
1323.0,-0.0014793039299547672
1330.0,0.001316745299845934
1339.0,0.0015946199418976903
1349.0,0.0019508324330672622
1354.0,-0.002106728730723262
1355.0,-0.0005692878621630371
1369.0,0.0016736211255192757
1373.0,0.0006926885107532144
1400.0,-0.0003320749965496361
1413.0,-0.0015435342211276293
1414.0,-0.001386267482303083
1417.0,-0.001773237599991262
1430.0,-0.002543023321777582
1432.0,-0.0013186415890231729
1438.0,0.001939761801622808
1446.0,-1.2740227248286828e-05
1452.0,-0.0016070428537204862
1456.0,0.0014644101029261947
1470.0,0.0011448628501966596
1482.0,0.0052078221924602985
1496.0,0.0005944714066572487
1501.0,-0.0007764178444631398
1513.0,0.00018904382886830717
1516.0,-0.0002919468970503658
1530.0,-0.0011709872633218765
1559.0,-0.0015315532218664885
1561.0,-0.003255759133026004
1562.0,0.00037625746335834265
1593.0,-0.0019710769411176443
1595.0,-0.0018557519651949406
1599.0,0.0014721659244969487
1603.0,0.0008422259707003832
1614.0,-0.0011058750096708536
1615.0,-0.0011881503742188215
1618.0,0.0014715299475938082
1623.0,-0.0023585730232298374
1649.0,0.00011173006350873038
1650.0,0.000676929485052824
1665.0,-0.002610329072922468
1671.0,0.000898452359251678
1691.0,0.0003005159378517419
1699.0,0.0026943928096443415
1721.0,0.0026689001824706793
1726.0,0.0013387270737439394
1728.0,0.0032120065297931433
1731.0,0.0015341005055233836
1737.0,0.00231738924048841
1739.0,-0.0018968383083119988
1740.0,0.004007735755294561
1758.0,0.00263187731616199
1768.0,0.0002603730245027691
1775.0,0.0026706529315561056
1780.0,0.0014913429040461779
1791.0,-0.0028011787217110395
1803.0,0.001316439127549529
1835.0,0.0025216492358595133
1840.0,-0.0010455859592184424
1862.0,0.004257531370967627
1880.0,0.004039352294057608
1888.0,-0.0015489853685721755
1915.0,0.0018527769716456532
1919.0,-0.0021121676545590162
1937.0,0.0013710134662687778
1941.0,0.0012259487994015217
1954.0,0.0018715322948992252
1981.0,-0.002235428662970662
1982.0,0.001999564003199339
2012.0,0.0032668719068169594
2036.0,-0.0019406687933951616
2088.0,-0.0006777509697712958
2094.0,0.003048977814614773
2109.0,0.0017858069622889161
2114.0,-0.0017243323381990194
2115.0,-0.00024735665647313
2127.0,-0.0018504668259993196
2145.0,-0.0016264001606032252
2150.0,-0.002404711442068219
2152.0,-0.002018732251599431
2157.0,-0.0025844445917755365
2168.0,-0.0023495815694332123
2210.0,0.0019448890816420317
2227.0,0.000555617269128561
2231.0,0.0011140832211822271
2239.0,0.0013178597437217832
2248.0,-0.002173270331695676
2249.0,-0.001998684834688902
2252.0,0.0018565290374681354
2272.0,0.002776502165943384
2275.0,-0.0005807049456052482
2287.0,0.0020618007984012365
2299.0,-0.0012488517677411437
2301.0,-0.0003417025727685541
2310.0,-9.389226761413738e-05
2344.0,-0.0018356379587203264
2348.0,-0.0018174633150920272
2358.0,-0.0016729742055758834
2375.0,-0.0013537814375013113
2407.0,-0.0017282211920246482
2413.0,0.00034185557160526514
2417.0,-0.0005560550489462912
2441.0,-0.0019086364191025496
2455.0,-0.002446973929181695
2458.0,0.0019322019070386887
2471.0,-0.0019611078314483166
2473.0,-0.0014607652556151152
2485.0,0.0032751078251749277
2498.0,-0.001618321635760367
2533.0,0.0011203684844076633
2534.0,0.001288398983888328
2543.0,0.0013272945070639253
2586.0,0.001339867478236556
2609.0,0.0008117035031318665
2611.0,0.0011143761221319437
2614.0,-0.0009016796248033643
2615.0,-0.0011029953602701426
2620.0,0.005429415497928858
2650.0,-0.002308808034285903
2663.0,0.0009646758553571999
2678.0,1.2375346159387846e-05
2680.0,0.001903692726045847
2688.0,-0.002106282627210021
2698.0,0.002477994654327631
2707.0,-0.0024180742911994457
2728.0,-0.0021063026506453753
2751.0,-0.002417237963527441
2755.0,0.0017030482413247228
2760.0,0.0020587299950420856
2769.0,-0.003333105705678463
2770.0,-0.0018731412710621953
2794.0,0.0018464779714122415
2802.0,0.0034220514353364706
2825.0,0.004561088979244232
2826.0,0.0016161601524800062
2840.0,0.001969373319298029
2855.0,-0.0012610056437551975
2861.0,0.0023798474576324224
2868.0,-0.0015620588092133403
2876.0,-0.002208623569458723
2880.0,-0.0021226592361927032
2885.0,0.0018140774918720126
2886.0,-0.0013053076108917594
2910.0,-0.0016083993250504136
2926.0,0.0016926053212955594
2929.0,-0.0011421388480812311
2930.0,0.00013196557119954377
2943.0,-0.001287691411562264
2948.0,0.00255640153773129
2963.0,0.0034255969803780317
2970.0,0.0034139950294047594
2995.0,-0.0025905438233166933
2997.0,-0.0016457743477076292
3000.0,-0.0018346820725128055
3006.0,0.001487870467826724
3021.0,0.000340336438966915
3024.0,-0.0007865967345423996
3025.0,0.0010600547539070249
3037.0,-0.0016436269506812096
3045.0,0.0009686036501079798
3050.0,0.0018205151427537203
3053.0,0.003270181827247143
3064.0,0.0011756946332752705
3080.0,0.003207820001989603
3082.0,-0.0014476563083007932
3085.0,0.0034395053517073393
3091.0,0.003046849276870489
3095.0,-0.001772714895196259
3098.0,-0.0013952907174825668
3127.0,0.00012550577230285853
3128.0,-0.002887946553528309
3130.0,-0.0008119863923639059
3145.0,-0.0021170044783502817
3146.0,0.00317093706689775
3153.0,-0.0013619071105495095
3154.0,-0.001672564772889018
3165.0,0.000869901617988944
3185.0,-0.0011536063393577933
3194.0,0.0010183287085965276
3202.0,-0.002379494020715356
3207.0,-0.0014079411048442125
3210.0,0.001447275630198419
3245.0,-0.002589732175692916
3279.0,0.0016478300094604492
3281.0,-0.002461076248437166
3284.0,0.0008967128815129399
3290.0,-0.0017724658828228712
3297.0,0.0008523119613528252
3299.0,-0.0012905149487778544
3315.0,-0.002148168860003352
3328.0,0.0019542956724762917
3332.0,-0.0015495086554437876
3333.0,-0.0003006366896443069
3337.0,-0.0017282456392422318
3350.0,0.0007010793779045343
3353.0,0.0017133677611127496
3381.0,-8.113678632071242e-05
3383.0,0.0027065761387348175
3424.0,-0.00048804128891788423
3437.0,0.0013686055317521095
3438.0,-0.0017374071758240461
3441.0,0.0018326003337278962
3454.0,-0.0016267717583104968
3457.0,-0.0018362459959462285
3460.0,-0.0020930173341184855
3464.0,0.0037172799929976463
3465.0,0.0022356060799211264
3482.0,-0.002293746918439865
3487.0,-0.0004997733631171286
3518.0,-0.0002873747143894434
3529.0,-2.843573156496859e-06
3541.0,0.00301916990429163
3543.0,-0.0029419902712106705
3582.0,0.002322200685739517
3589.0,0.0020978841930627823
3592.0,-0.0006285735289566219
3597.0,0.001109417760744691
3639.0,-0.0015134118730202317
3647.0,-0.0015720054507255554
3649.0,0.003068671328946948
3662.0,0.0034708362072706223
3689.0,-0.001644004019908607
3692.0,-0.0017789039993658662
3693.0,-0.0012241062941029668
3698.0,0.0018593125278130174
3710.0,-0.0018688443815335631
3717.0,0.001457185484468937
3720.0,0.0007936793845146894
3721.0,0.0021569125819951296
3733.0,0.0035592205822467804
3742.0,-0.0014489567838609219
3745.0,0.00330252549611032
3768.0,-0.002111988142132759
3777.0,-7.040538912406191e-05
3781.0,-0.0030657234601676464
3785.0,-0.001329788938164711
3798.0,-0.0024838929530233145
3799.0,4.28215425927192e-05
3803.0,-0.002941277576610446
3815.0,0.0008655465207993984
3817.0,-0.0012943546753376722
3833.0,0.0016072167782112956
3837.0,-0.00294775259681046
3838.0,0.0016593503532931209
3844.0,-0.0020400218199938536
3857.0,0.0015794376377016306
3870.0,-0.0018825168954208493
3872.0,0.003657174063846469
3880.0,0.0013111792504787445
3894.0,0.0035942643880844116
3898.0,-0.0004101373488083482
3903.0,0.003912380430847406
3912.0,-0.001093058381229639
3916.0,-0.0026011031586676836
3931.0,0.0020544410217553377
3934.0,0.0013559404760599136
3936.0,-0.001833948539569974
3942.0,-0.0017783159855753183
3944.0,0.0014206354971975088
3945.0,-0.002334992168471217
3971.0,-0.0017792164580896497
3980.0,0.0036852029152214527
3984.0,0.0013570637675002217
3991.0,-0.002309225732460618
4011.0,0.002187428530305624
4012.0,0.0023081060498952866
4052.0,0.0011932116467505693
4055.0,0.0018876639660447836
4057.0,0.0007848352543078363
4067.0,0.00042563927127048373
4075.0,-0.002082200488075614
4085.0,0.00037800337304361165
4087.0,-0.0014948691241443157
4115.0,-0.002639859216287732
4129.0,-0.002760704141110182
4147.0,-0.001120568485930562
4149.0,2.8651056709350087e-05
4151.0,0.002199266804382205
4161.0,0.0016589902807027102
4162.0,-0.0023818975314497948
4170.0,-0.001625079894438386
4176.0,-0.0016973968595266342
4201.0,0.0014063948765397072
4209.0,0.001185135217383504
4230.0,0.0019361678278073668
4231.0,0.0019740364514291286
4239.0,-0.0007333740359172225
4250.0,-0.0039444779977202415
4265.0,0.002645146334543824
4292.0,-0.0015939364675432444
4295.0,0.0019084280356764793
4301.0,-0.0015620088670402765
4303.0,-0.0025621766690164804
4315.0,-0.0022402601316571236
4328.0,-0.0012073125690221786
4329.0,0.0016813892871141434
4332.0,-0.0018457788974046707
4339.0,-0.002153137233108282
4366.0,-0.0017541301203891635
4367.0,-0.000684966566041112
4373.0,0.0014429801376536489
4377.0,0.0007836305303499103
4385.0,0.0034012978430837393
4395.0,-0.0015492067905142903
4411.0,0.0024185467045754194
4415.0,0.0024791317991912365
4439.0,0.0017091260524466634
4447.0,-0.0007797162979841232
4450.0,-0.0019696648232638836
4454.0,-0.0019803056493401527
4469.0,0.001964921597391367
4509.0,-0.002066538669168949
4512.0,-0.0015909139765426517
4518.0,-0.0025771926157176495
4525.0,0.0019935534801334143
4534.0,0.002993004396557808
4549.0,0.0021185718942433596
4554.0,0.002634989330545068
4561.0,0.00481755705550313
4568.0,0.0004376285069156438
4580.0,-0.0015269030118361115
4597.0,-0.0026934673078358173
4602.0,-0.0015161288902163506
4606.0,0.0020979095716029406
4610.0,0.0030521571170538664
4622.0,0.0029527731239795685
4625.0,-0.0010197755182161927
4626.0,-0.0018311901949346066
4649.0,0.0022869135718792677
4657.0,0.0018139455933123827
4659.0,-0.0022897447925060987
4671.0,0.001317705144174397
4672.0,-0.0015167114324867725
4680.0,0.00040921775507740676
4689.0,-0.002328119007870555
4693.0,-0.0010911766439676285
4694.0,0.0004914540331810713
4707.0,-0.0005450171884149313
4708.0,-0.002165041398257017
4726.0,0.003128644311800599
4747.0,0.00022835072013549507
4756.0,0.0032532343175262213
4767.0,-0.001844594837166369
4793.0,0.0019226071890443563
4797.0,-0.0008228739025071263
4800.0,-0.0017084559658542275
4816.0,4.1187831811839715e-05
4822.0,-0.0020387033000588417
4836.0,0.0027789799496531487
4847.0,5.496984613273526e-06
4863.0,0.0005886057042516768
4880.0,-0.000888941518496722
4885.0,-0.001561201992444694
4905.0,-0.0029979103710502386
4907.0,0.002202831208705902
4914.0,0.00013424304779618979
4924.0,0.00327523541636765
4929.0,-0.0006760579417459667
4936.0,-0.0007981585804373026
4950.0,0.0006868302007205784
4951.0,-0.004203238058835268
4952.0,-0.002029982628300786
4955.0,0.004965669009834528
4961.0,0.0012640177737921476
4972.0,-0.0014970507472753525
4978.0,-0.0005398121429607272
4982.0,-0.0006607643445022404
5019.0,-0.0009006311884149909
5021.0,0.003702278947457671
5022.0,0.001322842901572585
5030.0,0.0016351587837561965
5034.0,-0.0007365774945355952
5059.0,-0.0013290559872984886
5067.0,0.0026808464899659157
5082.0,-0.0025747250765562057
5100.0,0.0019319356651976705
5106.0,-0.0017557370010763407
5119.0,-0.0014958592364564538
5120.0,-0.001611171057447791
5121.0,-0.0003416328108869493
5140.0,-0.0004308938514441252
5151.0,0.0014378579799085855
5153.0,0.0001559408410685137
5173.0,-0.003469311399385333
5192.0,0.00206350302323699
5196.0,0.005454070866107941
5206.0,-0.0003379621484782547
5214.0,0.0016415781574323773
5215.0,0.0018377635860815644
5247.0,7.061471114866436e-05
5254.0,-0.0017204040195792913
5261.0,0.001299434108659625
5263.0,-0.002569150645285845
5273.0,-0.003690532874315977
5285.0,0.001500170212239027
5286.0,-0.0015412019565701485
5298.0,-0.0017984072910621762
5309.0,0.0013568307040259242
5314.0,-0.0015920399455353618
5332.0,-0.0008104578591883183
5336.0,0.002417108276858926
5368.0,0.002615397097542882
5371.0,0.0006855468382127583
5375.0,-0.0008397380588576198
5382.0,3.825770181720145e-05
5412.0,0.00150735501665622
5422.0,0.0026270896196365356
5427.0,-0.0007484573288820684
5446.0,0.0018289805157110095
5457.0,-0.0014935726067051291
5458.0,0.002871850272640586
5459.0,0.004754184745252132
5461.0,-0.00026675520348362625
5484.0,-0.0023297881707549095
5485.0,0.0019879464525729418
5491.0,0.0031459499150514603
5501.0,0.0013375646667554975
5516.0,-0.0018625741358846426
5562.0,0.0022419686429202557
5563.0,-0.002632423536852002
5564.0,0.0024939521681517363
5570.0,0.0023328070528805256
5572.0,0.00015830155462026596
5581.0,-0.0020730579271912575
5594.0,0.0018012381624430418
5620.0,0.0014842337695881724
5629.0,-0.002209716709330678
5666.0,0.003289352171123028
5676.0,0.0033978044521063566
5680.0,0.002606041030958295
5688.0,0.0016505566891282797
5697.0,0.0005335310706868768
5715.0,0.0009523193002678454
5720.0,0.0029906309209764004
5721.0,0.0026674652472138405
5728.0,-0.002068357774987817
5737.0,-0.0012037123087793589
5740.0,-0.0008252867846749723
5749.0,0.0014555457746610045
5769.0,-0.002317942911759019
5771.0,-0.0015087268548086286
5775.0,-0.0026383132208138704
5794.0,-0.0026421358343213797
5795.0,-0.002151611726731062
5807.0,0.0016030181432142854
5809.0,-0.001625828561373055
5813.0,-0.0022148762363940477
5814.0,-0.0009739651577547193
5819.0,-0.002200252376496792
5831.0,-0.002984589897096157
5840.0,0.0016254078363999724
5853.0,0.0013093955349177122
5868.0,0.0005583446472883224
5885.0,-0.0009927911451086402
5888.0,0.0012565533397719264
5893.0,-0.0016858911840245128
5894.0,-0.002451150445267558
5910.0,-0.0026970449835062027
5924.0,-0.0016454003052785993
5931.0,-0.001329797669313848
5940.0,-0.0027706455439329147
5958.0,-0.0032627389300614595
5960.0,0.0030283653177320957
5969.0,-0.0011131929932162166
5973.0,0.002625654684379697
5980.0,0.0024168158415704966
5993.0,-0.0020643211901187897
5994.0,-0.0017557485261932015
6000.0,-0.002623783191666007
6032.0,-0.0011394362663850188
6057.0,0.0028743427246809006
6070.0,0.0007313287351280451
6084.0,0.002016996266320348
6092.0,-0.0020378991030156612
6109.0,-0.0009733049664646387
6113.0,-0.0021110964007675648
6128.0,-0.002450345316901803
6134.0,0.0025425120256841183
6135.0,0.002358707133680582
6137.0,-0.0011864546686410904
6138.0,0.001993766753003001
6148.0,0.0027286787517368793
6159.0,0.0010311444057151675
6176.0,-0.0017057463992387056
6188.0,-0.003318881383165717
6194.0,-0.004044659901410341
6195.0,-0.0005720706540159881
6196.0,0.0018488089554011822
6198.0,0.001167064649052918
6202.0,0.003961853217333555
6210.0,-0.0006150185945443809
6217.0,0.0031096304301172495
6244.0,-0.0024990784004330635
6248.0,0.0026644698809832335
6275.0,0.0019505962263792753
6290.0,-0.0005122017464600503
6291.0,0.0013778486754745245
6301.0,-0.002518709283322096
6315.0,-0.0029539719689637423
6326.0,-0.0038434749003499746
6332.0,0.0021793099585920572
6348.0,-0.0013138162903487682
6361.0,-0.0018002466531470418
6383.0,0.0012731157476082444
6387.0,0.0015142287593334913
6391.0,-0.0025750536005944014
6405.0,0.0034136148169636726
6408.0,-0.0016298354603350163
6412.0,-0.0015489853685721755
6429.0,0.0009921247838065028
6432.0,0.0019013104028999805
6444.0,0.0012418166734278202
6451.0,-0.0009689470170997083
6452.0,0.0049059465527534485
6501.0,-0.0011671640677377582
6505.0,0.0028231260366737843
6508.0,0.0024499250575900078
6510.0,0.0035219890996813774
6521.0,-0.001696595223620534
6531.0,-0.00030639173928648233
6536.0,-0.0014822684461250901
6537.0,0.002025741385295987
6538.0,0.0016846825601533055
6545.0,0.0026222337037324905
6547.0,-8.311438432428986e-05
6550.0,0.001324361888691783
6554.0,-0.001711498131044209
6594.0,-0.00041632907232269645
6595.0,0.00021918090351391584
6634.0,-9.21399550861679e-05
6637.0,0.002655365504324436
6653.0,-0.003523444291204214
6671.0,0.0030765654519200325
6692.0,0.0016783240716904402
6699.0,-0.001989971147850156
6706.0,0.0019741912838071585
6707.0,0.002360842190682888
6714.0,-0.0012169121764600277
6726.0,-0.0029235132969915867
6733.0,-0.0029553587082773447
6756.0,0.0022436734288930893
6760.0,-0.0023623760789632797
6763.0,-4.491891377256252e-05
6778.0,0.0008727917447686195
6798.0,-0.001673187711276114
6802.0,-0.0021920243743807077
6826.0,-0.001505233463831246
6828.0,0.0015527665382251143
6832.0,0.0020228715147823095
6843.0,0.0030673544388264418
6845.0,-0.0028876704163849354
6847.0,0.0018946889322251081
6854.0,-0.00207837438210845
6859.0,-0.0021733709145337343
6862.0,0.0024732444435358047
6876.0,-0.00039445640868507326
6900.0,0.0013502018991857767
6915.0,-0.0006894342950545251
6922.0,0.0035642972216010094
6923.0,0.0025369583163410425
6927.0,-0.00015732645988464355
6947.0,-0.001184594351798296
6950.0,0.0036148573271930218
6951.0,-0.0007351049571298063
6954.0,-0.0013771026860922575
6959.0,-0.0024568208027631044
6963.0,0.0014686856884509325
6995.0,-0.0027488672640174627
7006.0,0.0019833995029330254
7025.0,0.001107686199247837
7036.0,0.0035383121576160192
7037.0,-0.0015489853685721755
7050.0,0.002170111984014511
7053.0,-0.001881751581095159
7074.0,0.0015135523863136768
7078.0,0.001124439062550664
7089.0,0.0016425359062850475
7100.0,0.0019638172816485167
7116.0,0.00350831332616508
7135.0,0.0021495814435184
7144.0,-0.0018087216885760427
7155.0,-0.001122407615184784
7202.0,-0.0013433219864964485
7205.0,0.0011812589364126325
7228.0,-0.0008344387169927359
7236.0,-0.0013592960312962532
7250.0,-0.00021810164616908878
7251.0,0.0017842131201177835
7255.0,0.0014488202286884189
7258.0,4.404708670335822e-05
7275.0,0.0028495960868895054
7277.0,0.0017293081618845463
7281.0,-0.0024512328673154116
7289.0,-0.001973371487110853
7297.0,0.0016091944416984916
7298.0,-0.0006426157196983695
7302.0,0.0012790932087227702
7316.0,0.003168454160913825
7323.0,-0.0013986551202833652
7337.0,0.0029441167134791613
7340.0,0.0007370167295448482
7342.0,-0.0018181124469265342
7365.0,-0.0016816201386973262
7373.0,-0.002309151692315936
7375.0,0.0026380661875009537
7393.0,0.001958289882168174
7440.0,0.0015712868189439178
7451.0,-0.0011302079074084759
7464.0,-0.0016154462937265635
7465.0,-0.002586259739473462
7474.0,-0.0024630483239889145
7475.0,-0.0024322241079062223
7480.0,0.0014950634213164449
7481.0,0.001563806552439928
7498.0,-0.002622606698423624
7516.0,-0.0021566166542470455
7518.0,0.0032954132184386253
7521.0,0.0002482075651641935
7523.0,-0.0008408959256485105
7528.0,0.00090308568906039
7550.0,-0.00533556193113327
7562.0,0.003203189931809902
7567.0,0.002232744125649333
7591.0,0.0020078937523066998
7599.0,-0.0032410055864602327
7602.0,-0.0021303221583366394
7607.0,0.0008290580008178949
7614.0,-0.0021740267984569073
7622.0,-0.0014800422359257936
7638.0,0.0013090510619804263
7649.0,-0.0019188480218872428
7688.0,-0.001139413914643228
7706.0,0.0008815129403956234
7726.0,0.0011083736317232251
7728.0,0.0010746693005785346
7764.0,-0.0019901914056390524
7778.0,-0.00346524640917778
7785.0,-0.0002681418845895678
7797.0,-0.005011280532926321
7802.0,-0.0019069577101618052
7803.0,0.0009805498411878943
7821.0,0.0036317266058176756
7824.0,0.0019420828903093934
7825.0,0.004443970043212175
7839.0,-0.001425603753887117
7852.0,-0.000609016977250576
7868.0,0.0025781276635825634
7879.0,0.002335665747523308
7884.0,0.0018573125125840306
7886.0,0.001292674569413066
7896.0,-0.0023515778593719006
7900.0,0.004337597638368607
7902.0,0.002725451486185193
7924.0,-0.001329788938164711
7928.0,-0.002858109772205353
7932.0,-0.0027706134133040905
7958.0,0.00023147334286477417
7964.0,0.0019614621996879578
7977.0,-0.0008801133371889591
7979.0,-0.00045388401485979557
7983.0,-0.00010082188236992806
7993.0,4.8696812882553786e-05
7999.0,-0.0006041567539796233
8003.0,-0.0021924669854342937
8012.0,-0.0009732148610055447
8025.0,-0.0014435671037063003
8035.0,0.00224272976629436
8042.0,0.0035602424759417772
8046.0,-0.0018013480585068464
8069.0,0.003784558502957225
8091.0,-0.0031679943203926086
8106.0,0.0020548945758491755
8116.0,-0.002564707538112998
8121.0,-0.000336360651999712
8125.0,0.004264621529728174
8126.0,0.0013002926716580987
8151.0,-0.003965641837567091
8159.0,-0.00029649396310560405
8170.0,-0.0021275223698467016
8181.0,-0.0020604380406439304
8192.0,-0.0018001446733251214
8223.0,0.000378411787096411
8255.0,-0.0015251078875735402
8260.0,0.0020091314800083637
8263.0,-0.0016841122414916754
8269.0,-0.004109096713364124
8276.0,-0.0026841964572668076
8304.0,-0.0021014134399592876
8318.0,-1.5702491509728134e-05
8328.0,-0.0007190551259554923
8331.0,-0.0002081199490930885
8334.0,0.002411982975900173
8360.0,0.0019664105493575335
8367.0,0.0016195750795304775
8375.0,0.0013784539187327027
8379.0,-0.0022816061973571777
8381.0,0.006179699208587408
8386.0,-0.0047150966711342335
8387.0,0.0017500079702585936
8390.0,0.0024659018963575363
8421.0,0.0012565439101308584
8422.0,-0.0011045611463487148
8443.0,0.0019259516848251224
8459.0,-0.0013394372072070837
8482.0,-0.002437339397147298
8484.0,-0.002205614000558853
8487.0,0.0010005279909819365
8509.0,-0.00028373682289384305
8518.0,0.0034608945716172457
8534.0,-0.0016571279847994447
8559.0,0.0012877825647592545
8562.0,-0.0015779341338202357
8570.0,0.0015334776835516095
8573.0,0.0012901497539132833
8587.0,0.002914653392508626
8597.0,-0.0017128321342170238
8599.0,0.0020882899407297373
8600.0,0.0007622675620950758
8602.0,-0.0010364069603383541
8606.0,0.003749409457668662
8619.0,-0.003545032814145088
8620.0,-0.0009589791297912598
8643.0,-0.0014015609631314874
8651.0,0.0034762765280902386
8657.0,0.001868107239715755
8669.0,0.0035369961988180876
8681.0,-0.0023958710953593254
8683.0,0.004120492376387119
8693.0,-0.000412022607633844
8698.0,0.0013386044884100556
8708.0,-0.002633283380419016
8714.0,-0.0014071122277528048
8722.0,0.0008554987725801766
8724.0,-0.0021435117814689875
8726.0,0.0017320753540843725
8729.0,-0.002073260024189949
8759.0,-0.0024047051556408405
8767.0,0.003090471029281616
8775.0,-0.0028996597975492477
8788.0,-0.0005229911184869707
8791.0,-0.0019060566555708647
8804.0,-0.0015113420085981488
8809.0,-0.003160662716254592
8816.0,-0.0008764785598032176
8820.0,0.004523701500147581
8822.0,0.004990461282432079
8823.0,0.003187991213053465
8825.0,-0.0017557935789227486
8839.0,-0.0019771584775298834
8846.0,-0.0011913446942344308
8851.0,-0.0015167280798777938
8857.0,0.0015664092497900128
8864.0,-0.0012769033201038837
8887.0,0.00047529698349535465
8891.0,-0.00160554691683501
8892.0,-0.0022081739734858274
8906.0,0.0018221043283119798
8909.0,-0.0005816982011310756
8946.0,-0.0025119883939623833
8951.0,-0.00010274995293002576
8952.0,0.0010746693005785346
8975.0,-0.001363977906294167
8988.0,-0.00040632326272316277
8994.0,-8.306519157486036e-05
9016.0,-0.002182069467380643
9030.0,0.0007106115808710456
9036.0,-0.002480230061337352
9052.0,-0.0011005980195477605
9060.0,0.0031412357930094004
9070.0,0.000953983049839735
9084.0,-0.0012466746848076582
9089.0,0.0011122992727905512
9097.0,-0.0006807184545323253
9111.0,-0.003568208310753107
9115.0,0.0015493198297917843
9118.0,-0.0012806301238015294
9137.0,-0.001718833576887846
9173.0,-0.0023446872364729643
9180.0,0.0022296784445643425
9184.0,0.0006618520710617304
9189.0,0.002574377693235874
9209.0,-0.0015025143511593342
9223.0,0.002442187163978815
9232.0,0.0014942910056561232
9236.0,-0.003134727943688631
9243.0,-0.0021701327059417963
9244.0,-0.0022855193819850683
9247.0,0.0020064881537109613
9256.0,-0.002213443163782358
9261.0,-0.0007634080247953534
9263.0,0.0025455541908740997
9265.0,0.0016362263122573495
9269.0,0.0009022449376061559
9275.0,0.0031037433072924614
9282.0,-0.0007593471673317254
9295.0,0.001348657882772386
9301.0,0.0011155615793541074
9303.0,-0.0008742202771827579
9312.0,-0.004225524142384529
9314.0,0.00028253754135221243
9319.0,0.0030053795780986547
9330.0,-0.0009408651967532933
9343.0,0.0009064952610060573
9345.0,0.001013081637211144
9376.0,-0.0013474468141794205
9385.0,-0.0016704131849110126
9404.0,0.0017655702540650964
9415.0,-0.002851231722161174
9427.0,-0.0015820377739146352
9430.0,0.0019191785249859095
9434.0,0.0015658304328098893
9441.0,0.00382922007702291
9442.0,-0.002440087031573057
9445.0,-0.0020055919885635376
9447.0,0.0015291925519704819
9453.0,-0.0019054667791351676
9458.0,0.0024965880438685417
9461.0,0.002805052325129509
9481.0,0.00047699728747829795
9491.0,0.002695658942684531
9512.0,0.0024981650058180094
9515.0,-0.00033593474654480815
