test_index,y_pred
26.0,0.0021873454097658396
39.0,0.0031639887019991875
41.0,0.0024808086454868317
48.0,-0.0015355611685663462
51.0,0.0009168323595076799
56.0,0.002635430544614792
61.0,-0.0005143155576661229
65.0,0.0019038228783756495
68.0,0.002118577715009451
69.0,0.0025504250079393387
70.0,-0.0013279339764267206
73.0,0.004886690992861986
79.0,-0.000767370336689055
87.0,-0.0012843685690313578
91.0,0.001558921649120748
100.0,0.0014231431996449828
102.0,-0.0007521117804571986
104.0,0.00245820265263319
118.0,0.00014684959023725241
121.0,-0.001485935878008604
151.0,-0.0030754045583307743
164.0,0.00382483983412385
167.0,0.0022670626640319824
172.0,0.002519347472116351
176.0,-0.003840542398393154
177.0,-0.0010715933749452233
179.0,-0.002820237074047327
181.0,0.0005419497611001134
188.0,2.8193862817715853e-05
196.0,0.0014603444142267108
214.0,0.002762716729193926
218.0,-0.00436359504237771
228.0,0.0020327286329120398
230.0,0.0019791105296462774
257.0,0.0009523947373963892
288.0,-0.0035298161674290895
300.0,0.0019776008557528257
308.0,-0.001439517131075263
323.0,-0.003004170022904873
326.0,-0.002680850913748145
328.0,-0.0001390306861139834
332.0,-0.0017363869119435549
354.0,0.0015790590550750494
397.0,0.003061330411583185
401.0,0.00042170617962256074
402.0,-0.001673688180744648
415.0,-0.003475604811683297
425.0,-0.0022770820651203394
433.0,0.0007252931827679276
435.0,-0.0014156444231048226
437.0,0.0014039974194020033
445.0,0.0019838532898575068
468.0,-0.0025763376615941525
469.0,-0.0016568538267165422
471.0,9.920378215610981e-05
472.0,0.0032023692037910223
473.0,-0.0024522533640265465
476.0,0.001502472790889442
477.0,0.0004285637987777591
486.0,0.0028390120714902878
491.0,0.0020137690007686615
495.0,0.0026548972819000483
503.0,-0.0009882703889161348
524.0,0.000998291652649641
528.0,-0.0011397908674553037
530.0,0.0024855383671820164
533.0,-0.0024781294632703066
534.0,-0.0009237736812792718
535.0,-0.002337355399504304
544.0,0.001875476911664009
547.0,-0.0007937824702821672
551.0,0.0010140965459868312
573.0,0.0008416113560087979
585.0,0.004256491549313068
633.0,-0.0015687377890571952
641.0,-0.0014263472985476255
642.0,-0.0014638048596680164
654.0,-0.003283999627456069
665.0,-0.0024492472875863314
678.0,0.000859963009133935
693.0,0.002181324874982238
694.0,-0.00240110675804317
706.0,0.004271958023309708
737.0,-0.0024826154112815857
740.0,-0.0020798512268811464
744.0,-0.002029242692515254
750.0,-0.0032299035228788853
751.0,0.003523146966472268
753.0,-0.0020313782151788473
759.0,0.004114024806767702
773.0,-0.0017873069737106562
786.0,0.0006633130833506584
800.0,-0.0027187149971723557
801.0,-0.0008911676122806966
805.0,-0.0020193278323858976
815.0,0.0031245648860931396
834.0,0.0002667673979885876
835.0,0.001345301978290081
865.0,-0.0016034262953326106
868.0,0.001714714220725
877.0,0.0016156204510480165
881.0,-0.0022515656892210245
957.0,0.002088623819872737
981.0,-0.0017929677851498127
982.0,-0.0010649156756699085
996.0,0.0028381648007780313
997.0,0.0035188246984034777
1025.0,7.260212896653684e-06
1027.0,0.002122299512848258
1039.0,0.00071838399162516
1041.0,-0.0016468295361846685
1042.0,-0.0010885598603636026
1053.0,-0.0024553833063691854
1061.0,0.0021610199473798275
1074.0,0.0002536108950152993
1075.0,0.001705343835055828
1108.0,0.0018023222219198942
1128.0,-0.001089409925043583
1139.0,-0.003743360284715891
1152.0,-0.0014197292039170861
1157.0,0.0010355139384046197
1163.0,0.002798124449327588
1166.0,-0.0002355060278205201
1168.0,0.000813004735391587
1172.0,0.0009564579231664538
1176.0,0.001967360032722354
1193.0,0.00020718495943583548
1201.0,-0.0017509590834379196
1203.0,0.0025876250583678484
1219.0,0.0020245013292878866
1221.0,-0.003307261737063527
1233.0,0.0012471367372199893
1242.0,0.001018522772938013
1244.0,-0.00214247009716928
1254.0,0.0010928950505331159
1278.0,-0.0006406318279914558
1281.0,0.0034128716215491295
1282.0,-0.003307057311758399
1302.0,-0.0011426860000938177
1317.0,-0.001964165596291423
1320.0,-0.0015920421574264765
1329.0,0.001440552994608879
1334.0,-0.0018094860715791583
1345.0,-0.003960333298891783
1359.0,-0.0006962499464862049
1374.0,0.004840294364839792
1385.0,0.00025308041949756444
1396.0,-6.347065937006846e-05
1405.0,0.0007532461313530803
1407.0,0.0030753116589039564
1420.0,0.000413109635701403
1421.0,-0.0011802834924310446
1427.0,0.001079744310118258
1434.0,0.002300617750734091
1437.0,0.0012036218540742993
1454.0,2.5452260160818696e-05
1465.0,-0.0019957784097641706
1467.0,-0.0023002794478088617
1480.0,0.0005876075010746717
1487.0,-0.0007537094061262906
1491.0,0.004764956887811422
1502.0,0.001206223969347775
1509.0,-0.001137836603447795
1532.0,0.0002905751171056181
1533.0,-0.0030793379992246628
1535.0,-0.002973075956106186
1545.0,0.00026883379905484617
1566.0,0.0016596594359725714
1570.0,-0.00218204059638083
1586.0,0.0002676062285900116
1598.0,0.00042778305942192674
1643.0,-0.0018711758311837912
1656.0,0.0026851603761315346
1659.0,-0.0011948414612561464
1680.0,-0.002179949777200818
1701.0,0.0019469449762254953
1703.0,-0.0019787605851888657
1720.0,0.00117029610555619
1729.0,-0.002808689372614026
1738.0,0.00211887713521719
1743.0,-0.0022205482237040997
1744.0,0.0002043971180683002
1746.0,0.0025679776445031166
1777.0,0.0032180517446249723
1820.0,-0.0013481528731063008
1832.0,-0.0016450725961476564
1839.0,-0.00016244924336206168
1844.0,0.0010755863040685654
1858.0,-0.0025797770358622074
1860.0,0.0018673577578738332
1867.0,-0.0018711758311837912
1870.0,0.0007466833922080696
1877.0,0.001987254014238715
1897.0,-0.0017405807739123702
1905.0,0.004763818811625242
1916.0,0.0018471789080649614
1922.0,0.0030022377613931894
1926.0,-0.0005664565833285451
1928.0,-0.002021667780354619
1952.0,-0.0013260814594104886
1971.0,0.0003710980818141252
1978.0,-0.002177631948143244
1984.0,0.001888731261715293
1992.0,-9.254597534891218e-05
1995.0,0.0007687549805268645
2006.0,-5.440293170977384e-05
2022.0,0.002099300269037485
2034.0,0.0001821380719775334
2058.0,-0.0012380584375932813
2063.0,0.0020439669024199247
2075.0,0.0017669899389147758
2084.0,0.001694926293566823
2087.0,-0.0019171012099832296
2089.0,0.0020075400825589895
2121.0,0.0018660243367776275
2131.0,0.0020224247127771378
2142.0,-0.0016657734522596002
2154.0,0.002081919927150011
2165.0,0.0015704899560660124
2166.0,-0.0023353477008640766
2173.0,-0.0011957670794799924
2177.0,-0.0008390253642573953
2189.0,-0.001549778156913817
2223.0,-0.0012312341714277864
2233.0,-0.001730114221572876
2234.0,-0.0010330129880458117
2246.0,0.0011322129284963012
2266.0,-0.00014267703227233142
2276.0,0.0012123825727030635
2312.0,0.0005940428818576038
2316.0,0.0022986046969890594
2321.0,-0.00010055363964056596
2333.0,0.0021661969367414713
2351.0,0.003274499671533704
2354.0,0.003279753727838397
2399.0,0.001442813198082149
2404.0,-0.002254723571240902
2412.0,-0.002616117475554347
2449.0,-0.0011122743599116802
2478.0,0.0017962385900318623
2481.0,-0.0002141461445717141
2483.0,-0.0010489465203136206
2484.0,0.001941448776051402
2492.0,-0.002009820891544223
2499.0,-0.0020138032268732786
2508.0,-0.0030631008557975292
2510.0,-0.002494150074198842
2513.0,-0.002438063733279705
2517.0,-0.0011227536015212536
2518.0,-0.0012715313350781798
2521.0,-0.0018359069945290685
2522.0,-0.0011435514315962791
2526.0,0.0006023910827934742
2548.0,0.002310145180672407
2569.0,0.0014549799961969256
2579.0,-0.0010610433528199792
2582.0,-0.002943305065855384
2602.0,-0.0021036306861788034
2619.0,0.0025947450194507837
2626.0,0.0014433881733566523
2627.0,0.0013986233389005065
2641.0,0.004925441462546587
2651.0,-0.0009818862890824676
2682.0,-0.004566833842545748
2689.0,0.0010262971045449376
2692.0,0.0008066068985499442
2697.0,-0.002797991968691349
2706.0,0.0009654951863922179
2724.0,-0.0011594684328883886
2729.0,-0.0022516450844705105
2754.0,0.002460062736645341
2762.0,0.0018432989018037915
2777.0,0.0005335196037776768
2820.0,-0.0035255318507552147
2833.0,-0.0016361948801204562
2836.0,-0.0012287602294236422
2846.0,-0.0015522002940997481
2858.0,-0.00251112156547606
2859.0,0.0023607967887073755
2865.0,-0.0009483276517130435
2867.0,-0.0020980420522391796
2870.0,-0.0013250390766188502
2882.0,0.0019933748990297318
2894.0,-0.002729254774749279
2905.0,-0.00135762186255306
2906.0,0.003286344464868307
2908.0,-0.0022227023728191853
2921.0,0.002769062528386712
2922.0,-0.00045967806363478303
2954.0,0.0011800554348155856
2960.0,-0.0021892122458666563
2973.0,-0.0011499036336317658
2982.0,-0.0007800367311574519
3001.0,-0.0019232433987781405
3007.0,0.000772522296756506
3014.0,-0.0002505727461539209
3017.0,-0.0011054545175284147
3018.0,-0.0018403592985123396
3027.0,-0.00153908203355968
3031.0,0.002190676284953952
3033.0,0.002652162918820977
3043.0,-0.0019015035359188914
3057.0,-0.0016117222839966416
3060.0,0.004728592932224274
3063.0,-0.0018258809577673674
3070.0,0.0019081884529441595
3071.0,0.0026488658040761948
3077.0,-0.002383517101407051
3078.0,0.002577882492914796
3079.0,0.0021556320134550333
3100.0,0.0004945132532157004
3105.0,0.002913340926170349
3106.0,-0.0020733193960040808
3118.0,0.0014060145476832986
3123.0,0.002340091625228524
3126.0,0.0003028365899808705
3132.0,-0.002085694344714284
3149.0,0.002892707008868456
3151.0,0.0034230987075716257
3160.0,0.003043548436835408
3166.0,0.002027129987254739
3172.0,0.004823516588658094
3184.0,-0.0014452324248850346
3205.0,-0.002021519700065255
3209.0,0.0023763501085340977
3248.0,0.0007529607973992825
3280.0,0.0006796726956963539
3282.0,-0.0014818215277045965
3298.0,-0.0032708835788071156
3305.0,-0.0017550716875120997
3309.0,0.0018138448940590024
3314.0,-0.002670386340469122
3319.0,0.0023752835113555193
3352.0,-0.0018992149271070957
3355.0,0.0014894019113853574
3370.0,-0.0012420258717611432
3378.0,-0.0035019696224480867
3396.0,-0.0002914185170084238
3410.0,0.003113463521003723
3418.0,-0.002518842462450266
3429.0,-0.002320571569725871
3434.0,-0.00020765695080626756
3443.0,-0.0027975100092589855
3455.0,-0.0011803769739344716
3458.0,-0.0009130245889537036
3467.0,0.0025217002257704735
3481.0,0.004037578124552965
3519.0,0.003964024595916271
3522.0,-0.0014282767660915852
3527.0,0.00044698812416754663
3528.0,-0.002761176787316799
3532.0,0.005452621728181839
3533.0,-0.0027109477669000626
3542.0,0.001522837788797915
3544.0,0.0003076673310715705
3555.0,0.005213947035372257
3567.0,-0.0027851094491779804
3573.0,-0.00325285317376256
3577.0,0.005717270076274872
3578.0,0.0025701296981424093
3590.0,-0.0007735844701528549
3615.0,-0.0013963560340926051
3616.0,0.0016492392169311643
3620.0,-0.0031791101209819317
3643.0,0.0008710826514288783
3646.0,0.0019709363114088774
3651.0,0.00015427837206516415
3661.0,-0.001450437237508595
3680.0,0.0007730540819466114
3684.0,0.004974182695150375
3685.0,-0.002971371402963996
3688.0,0.0019465824589133263
3704.0,-0.0019039589678868651
3715.0,-0.001955475192517042
3723.0,-0.002777796471491456
3739.0,0.004318272229284048
3746.0,0.005078856833279133
3755.0,-0.002127639949321747
3761.0,-0.0023980385158210993
3767.0,-0.0015366168227046728
3771.0,0.0013374106492847204
3813.0,0.001891212072223425
3834.0,0.004952703602612019
3842.0,0.0023013970348984003
3855.0,-0.0009868914494290948
3859.0,-0.0015800704713910818
3861.0,0.0035660164430737495
3862.0,0.0011823789682239294
3884.0,0.0031204891856759787
3885.0,-6.024848971719621e-06
3902.0,-0.0011035852367058396
3905.0,-0.004523510579019785
3937.0,0.002338667865842581
3949.0,0.0016839982708916068
3956.0,-0.0018532233079895377
3960.0,-0.0018749631708487868
3964.0,0.003254810580983758
3997.0,0.0025693189818412066
4022.0,-0.0011425996199250221
4028.0,0.0011233536060899496
4031.0,-0.0026603476144373417
4032.0,0.00017090296023525298
4046.0,0.0017654814291745424
4047.0,0.003907250706106424
4050.0,0.00243179383687675
4071.0,0.0016480768099427223
4077.0,-0.002082585822790861
4091.0,-0.0009719929657876492
4092.0,0.0017209500074386597
4098.0,-0.002398412674665451
4100.0,-0.0011673677945509553
4102.0,0.0018212143331766129
4122.0,0.001799074118025601
4128.0,-0.002697873627766967
4156.0,0.0003991732664871961
4190.0,-0.0022846460342407227
4194.0,-0.0016876611625775695
4202.0,0.0013626442523673177
4210.0,-0.0005189671064727008
4216.0,-0.0018626671517267823
4222.0,-0.002266575815156102
4226.0,0.000492494844365865
4248.0,0.0014637310523539782
4262.0,-0.002072814619168639
4269.0,-0.00045470360782928765
4304.0,-0.0013263897271826863
4306.0,-0.001623533433303237
4335.0,0.0013282728614285588
4338.0,0.00037548039108514786
4353.0,-0.0017082637641578913
4354.0,0.0002315350720891729
4362.0,-0.0007718714768998325
4375.0,-0.0024224792141467333
4379.0,0.002787792356684804
4412.0,-5.548014451051131e-05
4421.0,0.0009340982069261372
4441.0,-0.00223189196549356
4453.0,0.0020826051477342844
4466.0,-0.000399805314373225
4467.0,0.00130084075499326
4471.0,0.002283128211274743
4475.0,-0.0018470154609531164
4477.0,0.001712157973088324
4480.0,0.0018523787148296833
4503.0,0.0008097740355879068
4511.0,-0.002058763988316059
4527.0,0.0006980486796237528
4533.0,-0.0021927745547145605
4537.0,0.002988236490637064
4574.0,0.001331776613369584
4581.0,-0.0013154851039871573
4586.0,-0.0029468468856066465
4607.0,-0.0011004462139680982
4613.0,2.0340939954621717e-05
4629.0,-0.0004906652611680329
4638.0,-0.0014631736557930708
4640.0,-0.0016724170418456197
4651.0,-0.0018136828439310193
4661.0,-0.0002832323662005365
4684.0,-0.00016244924336206168
4692.0,-0.0034416341222822666
4698.0,0.0007805770146660507
4701.0,0.0005828262073919177
4706.0,0.002197511959820986
4716.0,0.0003456298727542162
4718.0,-0.0014503122074529529
4722.0,0.001559704658575356
4740.0,0.00176004390232265
4749.0,0.0016196788055822253
4750.0,0.005624455399811268
4759.0,-0.0022596195340156555
4786.0,-0.0008058539824560285
4802.0,0.0018563447520136833
4803.0,0.0021661981008946896
4808.0,0.0008689630194567144
4832.0,-0.002735227346420288
4843.0,-0.001933158258907497
4845.0,0.002937794430181384
4868.0,-0.0016894267173483968
4870.0,-0.00019271876954007894
4879.0,-0.0025806468911468983
4881.0,-0.00033005105797201395
4894.0,0.0013768698554486036
4898.0,0.0009379693074151874
4906.0,0.0021510785445570946
4913.0,0.0013193853665143251
4920.0,-0.0013537242775782943
4932.0,0.004648176953196526
4960.0,-0.0003820967976935208
4963.0,-7.387100777123123e-05
4965.0,-0.0024928334169089794
4977.0,0.002926032757386565
4995.0,-0.0009768371237441897
4996.0,-0.0015651824651286006
5007.0,0.0016697829123586416
5009.0,0.0011206393828615546
5012.0,-0.0013333129463717341
5020.0,0.0025851167738437653
5028.0,0.001383960247039795
5060.0,-0.0006954378914088011
5064.0,0.006591157987713814
5092.0,-0.001818824908696115
5097.0,-0.0016071224818006158
5103.0,-0.0021854895167052746
5107.0,0.0016872724518179893
5111.0,-0.0016153535107150674
5114.0,0.001183352549560368
5129.0,0.0023409868590533733
5138.0,-0.0006532493862323463
5144.0,0.0013713260414078832
5148.0,0.001965549774467945
5165.0,-0.0010433001443743706
5167.0,-0.001015044515952468
5168.0,0.0025366833433508873
5170.0,-0.000728463870473206
5204.0,0.0004084584361407906
5210.0,0.0018074860563501716
5211.0,0.0004968454595655203
5221.0,0.0013279265258461237
5235.0,-0.0010607766453176737
5253.0,-0.0013910186244174838
5255.0,0.0002509944315534085
5257.0,0.00023643087479285896
5282.0,0.0007476012106053531
5283.0,0.0023887306451797485
5284.0,0.0014507961459457874
5288.0,-0.0015762147959321737
5290.0,-0.002186024794355035
5294.0,0.002022160915657878
5296.0,0.0022559829521924257
5300.0,0.001715044490993023
5306.0,-0.002512431936338544
5312.0,0.0019809261430054903
5318.0,0.0008747626561671495
5323.0,0.0017931772163137794
5327.0,-0.0014002026291564107
5333.0,0.0013657828094437718
5340.0,0.0013148117577657104
5353.0,0.0009348925668746233
5361.0,-0.0017114373622462153
5377.0,0.0010808422230184078
5379.0,0.0012521110475063324
5386.0,0.005048379767686129
5388.0,-0.00011019861267413944
5405.0,-0.0015536410501226783
5414.0,0.002365217776969075
5425.0,-0.0017907227156683803
5426.0,0.005907347891479731
5441.0,0.0009479637374170125
5454.0,0.0009517521248199046
5456.0,-0.0006615954916924238
5471.0,0.0047329748049378395
5479.0,-0.0015569180250167847
5502.0,0.000655082636512816
5518.0,0.0018716318299993873
5522.0,0.0032095809001475573
5528.0,0.002596273086965084
5549.0,-0.0019070141715928912
5554.0,-0.0016263958532363176
5566.0,0.0029950356110930443
5580.0,0.001551674329675734
5584.0,-0.0038188600447028875
5603.0,0.003152997698634863
5609.0,0.0003431864606682211
5613.0,0.0006663614767603576
5617.0,0.00206142314709723
5627.0,0.001950192148797214
5634.0,-0.0013969746651127934
5642.0,-0.0016154295299202204
5646.0,-0.0018765120767056942
5657.0,0.00271836225874722
5662.0,0.0028971012216061354
5663.0,-0.0017714824061840773
5664.0,-0.000689287728164345
5667.0,0.0014323951909318566
5674.0,0.00016035906446631998
5682.0,-0.0017822490772232413
5689.0,-0.0019223951967433095
5703.0,0.001887997379526496
5710.0,-0.005288348533213139
5722.0,-0.008491100743412971
5723.0,-0.002384793944656849
5731.0,-0.002408857923001051
5747.0,0.0019496091408655047
5753.0,0.0008806635159999132
5763.0,0.002531189937144518
5766.0,-0.0017295869765803218
5768.0,0.0015515589620918036
5770.0,1.2735835298371967e-05
5792.0,-0.0017498908564448357
5817.0,-0.002709154272451997
5820.0,0.005286526866257191
5821.0,0.002745844656601548
5825.0,0.0011773976730182767
5842.0,0.0018534095725044608
5843.0,-0.0017351019196212292
5847.0,0.002240183297544718
5849.0,-0.0016876611625775695
5861.0,-0.002546499250456691
5884.0,-0.0024520333390682936
5898.0,0.0027496065013110638
5912.0,0.0007360925083048642
5928.0,0.001845872146077454
5956.0,0.001989111304283142
5968.0,-0.0013613320188596845
5970.0,0.0018963972106575966
6004.0,0.00022302144498098642
6013.0,0.0030049593187868595
6025.0,0.0010940531501546502
6030.0,-0.0010246381862089038
6054.0,0.0010497034527361393
6056.0,-0.0012040880974382162
6058.0,-0.0019649374298751354
6071.0,0.0023298601154237986
6086.0,0.001108056167140603
6091.0,-0.0007659730617888272
6114.0,-0.0015214851591736078
6121.0,-0.0013175158528611064
6125.0,0.0006592021672986448
6127.0,-0.004563126713037491
6129.0,-0.0009202665532939136
6133.0,-0.0012546081561595201
6141.0,-0.0006607493851333857
6145.0,-0.003020739182829857
6160.0,0.004991875030100346
6161.0,-0.001669416669756174
6175.0,-0.0010859455214813352
6180.0,0.002680893987417221
6187.0,0.0023462329991161823
6191.0,-0.0011834035394713283
6199.0,0.0018240159843116999
6200.0,-0.0018402941059321165
6203.0,-0.00014032145554665476
6209.0,-0.0014488926390185952
6211.0,0.0037033148109912872
6215.0,0.0016887664096429944
6225.0,0.0031421841122210026
6226.0,-0.0025578252971172333
6234.0,-0.0018131935503333807
6240.0,0.001979448599740863
6260.0,-0.0017027683788910508
6306.0,0.001720887259580195
6310.0,-0.0030716536566615105
6325.0,0.0012171730631962419
6363.0,0.004122760612517595
6375.0,-0.0018429443007335067
6380.0,-0.002375607844442129
6389.0,0.001649015350267291
6393.0,0.0019420762546360493
6395.0,-0.0016783300088718534
6421.0,-0.002590929390862584
6425.0,0.00039764278335496783
6428.0,-0.0028920394834131002
6440.0,0.002478982787579298
6447.0,-0.0024877863470464945
6449.0,-0.001777595141902566
6453.0,-0.0023133880458772182
6474.0,-0.0021546112839132547
6476.0,-0.0007133780745789409
6480.0,0.000140261254273355
6492.0,0.0020021384116262197
6495.0,-0.0013296043034642935
6513.0,0.0038052829913794994
6517.0,-0.002679050201550126
6518.0,0.0014420624356716871
6522.0,0.0024650346022099257
6543.0,0.00046253728214651346
6551.0,-0.0029331601690500975
6552.0,-0.0016914705047383904
6555.0,0.00219711777754128
6557.0,-0.0033478140830993652
6560.0,0.0011770217679440975
6567.0,-0.004093388095498085
6593.0,-0.0007418383611366153
6605.0,0.0038616256788372993
6607.0,0.001898777554742992
6615.0,-0.0010941361542791128
6632.0,-0.002680012956261635
6680.0,-0.0024304965045303106
6693.0,0.0010963784297928214
6712.0,-0.0029195055831223726
6727.0,0.0005251940456219018
6728.0,0.00234666233882308
6747.0,-0.0015049829380586743
6753.0,0.0022006563376635313
6771.0,-0.003365229582414031
6774.0,-0.0017405807739123702
6795.0,0.0022531794384121895
6797.0,-0.0025012469850480556
6805.0,0.0029461898375302553
6810.0,-0.0015722562093287706
6836.0,0.001026553800329566
6840.0,0.002172507345676422
6844.0,0.001530566019937396
6849.0,-0.001877897302620113
6866.0,-0.0013926801038905978
6870.0,-0.002253698417916894
6874.0,-0.0019469227408990264
6888.0,0.0018168098758906126
6912.0,0.0010739564895629883
6916.0,0.002191940788179636
6933.0,-0.0013680673437193036
6946.0,0.0033689311239868402
7008.0,0.001581179560162127
7015.0,0.0017152983928099275
7016.0,-0.00039607807411812246
7038.0,0.0009600563789717853
7039.0,-0.001712114899419248
7051.0,-0.002551945159211755
7058.0,-0.0002704712387640029
7071.0,-0.0012271107407286763
7072.0,-0.0014846052508801222
7076.0,-6.687305722152814e-05
7103.0,-0.0021852445788681507
7104.0,0.0014332743594422936
7108.0,0.0035459676291793585
7132.0,-0.003111520316451788
7150.0,0.0025034404825419188
7159.0,0.0015583856729790568
7161.0,-0.002193772466853261
7163.0,0.000509467616211623
7166.0,-0.0018711758311837912
7173.0,-0.002622961765155196
7180.0,-0.0015571031253784895
7188.0,0.0018753339536488056
7200.0,0.0011947039747610688
7212.0,0.002740707015618682
7223.0,-0.0027056036051362753
7224.0,0.0025440112221986055
7226.0,0.0005901402910239995
7234.0,0.0005223483894951642
7244.0,0.00047058891505002975
7249.0,-0.002404117723926902
7254.0,0.0013725061435252428
7283.0,0.0016360313165932894
7292.0,0.002793707186356187
7293.0,-0.001765557681210339
7301.0,-0.0008751102141104639
7306.0,0.0013001193292438984
7308.0,0.002898212056607008
7341.0,-0.0002965930325444788
7346.0,0.002920327940955758
7349.0,-0.0001248660119017586
7359.0,0.0016445667715743184
7379.0,0.002234171610325575
7389.0,-0.0012727767461910844
7402.0,-0.001669416669756174
7407.0,-0.0025133881717920303
7415.0,0.0013462811475619674
7427.0,0.002023939276114106
7433.0,0.0007090481230989099
7436.0,0.0032899584621191025
7444.0,-0.0004332671232987195
7452.0,0.003914864268153906
7457.0,0.0032079003285616636
7458.0,-0.0030737745109945536
7471.0,0.0014422181993722916
7482.0,0.0011625144397839904
7500.0,-0.002562336390838027
7520.0,-0.0008186869672499597
7538.0,-0.001325413235463202
7563.0,-0.001633514417335391
7568.0,0.0011895892675966024
7573.0,-0.0014639409491792321
7584.0,0.002504071220755577
7592.0,0.005125778261572123
7597.0,0.002055748365819454
7598.0,-0.0009748293668963015
7608.0,-0.002348517533391714
7612.0,0.001119733671657741
7625.0,0.0020534617360681295
7626.0,-0.0014740104088559747
7628.0,0.0016522705554962158
7631.0,0.0008972458308562636
7632.0,-0.001673688180744648
7640.0,0.00018767740402836353
7670.0,0.0033019769471138716
7700.0,0.0009138475288636982
7704.0,-0.0009999725734815001
7707.0,-0.00146769848652184
7747.0,0.0019677954260259867
7756.0,-0.000704375037457794
7786.0,0.0018374519422650337
7787.0,-0.002295146230608225
7795.0,-0.003798610996454954
7809.0,0.0018697486957535148
7823.0,0.002029893919825554
7828.0,-0.0013890452682971954
7835.0,0.0006145437364466488
7840.0,0.002916552359238267
7857.0,-0.0012500530574470758
7861.0,-0.002068930771201849
7885.0,0.002875510836020112
7895.0,0.0018262357916682959
7899.0,-0.0009202665532939136
7912.0,-0.0003556848387233913
7913.0,-0.0030023963190615177
7914.0,-0.0018333581974729896
7915.0,0.0035445201210677624
7921.0,-0.0013612055918201804
7931.0,0.005308890249580145
7933.0,0.0008881971007212996
7935.0,0.0019158734939992428
7945.0,-0.001269256230443716
7949.0,-0.0016263958532363176
7952.0,-0.001887009246274829
7959.0,-4.9400507123209536e-05
7961.0,0.0022256530355662107
7965.0,0.002002192661166191
8013.0,-0.0026157943066209555
8014.0,-0.0017195174004882574
8021.0,-0.001826841034926474
8022.0,0.0009145503863692284
8026.0,-0.0016186402644962072
8027.0,0.0033528683707118034
8029.0,-0.0015647208783775568
8031.0,-9.355899965157732e-05
8034.0,-0.001707669929601252
8045.0,-0.0022997334599494934
8051.0,0.0012001435970887542
8052.0,-0.003246090840548277
8059.0,-0.0022619031369686127
8074.0,0.0036734184250235558
8077.0,-0.0022722277790308
8090.0,0.004696154035627842
8093.0,0.002567710354924202
8100.0,-0.0010516192996874452
8114.0,0.0019875853322446346
8123.0,-0.0024170265533030033
8177.0,0.0019692787900567055
8183.0,0.0002798826026264578
8188.0,-0.0010808941442519426
8189.0,-0.0020740304607897997
8203.0,0.001429327647201717
8213.0,-0.00151724589522928
8240.0,-0.004884219728410244
8262.0,-0.001060796668753028
8275.0,0.001713711186312139
8307.0,-0.0018507975619286299
8337.0,-0.002513999119400978
8349.0,-0.003676618216559291
8365.0,-0.0020989261101931334
8403.0,0.0022268674802035093
8413.0,0.0018035656539723277
8417.0,0.00017050563474185765
8418.0,-0.0005729777622036636
8431.0,-0.002576981671154499
8435.0,-0.0011748024262487888
8441.0,-0.0011328986147418618
8447.0,0.0013700741110369563
8462.0,-0.0012478216085582972
8474.0,0.0010884624207392335
8486.0,-0.0005447968142107129
8508.0,-0.0014330417616292834
8532.0,0.0005815057083964348
8544.0,0.0013700741110369563
8552.0,-0.001908282283693552
8574.0,-0.0006287465803325176
8582.0,0.0019290631171315908
8583.0,0.001084958086721599
8598.0,-0.0006870990619063377
8621.0,-0.0010284502059221268
8625.0,0.0027721808291971684
8631.0,-0.0014758098404854536
8642.0,-0.0020217369310557842
8648.0,-0.002902914769947529
8665.0,0.0017169533530250192
8694.0,-0.002516270149499178
8701.0,-0.0010004955111071467
8704.0,8.42181543703191e-05
8725.0,0.002836950123310089
8739.0,-0.0012673489982262254
8750.0,0.0019322377629578114
8760.0,-0.0011634966358542442
8783.0,0.0009214007877744734
8784.0,-0.0024351980537176132
8794.0,-0.002480875700712204
8799.0,0.0011045822175219655
8806.0,0.0006479871808551252
8841.0,-0.0031854016706347466
8875.0,0.0014858224894851446
8878.0,0.00035308918450027704
8885.0,0.003081302158534527
8890.0,-0.0018229192355647683
8903.0,0.0013700741110369563
8915.0,-0.0012596171582117677
8918.0,-0.0020533730275928974
8929.0,-0.0008283794741146266
8957.0,-0.001893518608994782
8968.0,0.00015506109048146755
8973.0,0.0012376169906929135
8978.0,0.002869116375222802
8986.0,0.003290815744549036
8992.0,-0.0003290603926870972
9001.0,-0.0005977938999421895
9003.0,0.0012592329876497388
9010.0,0.0009386872407048941
9013.0,-0.0002636387071106583
9024.0,0.0006841197027824819
9029.0,0.0003336966037750244
9037.0,-0.00469576520845294
9038.0,-0.0001643852738197893
9040.0,0.0019614489283412695
9073.0,0.001567029394209385
9078.0,0.0006776407826691866
9094.0,-0.00159964628983289
9095.0,-0.002275503473356366
9102.0,-0.003480749437585473
9108.0,-0.0010566896526142955
9112.0,-0.0019001647597178817
9120.0,0.0022091520950198174
9129.0,0.0026924407575279474
9157.0,-0.0020546140149235725
9164.0,-0.0014270106330513954
9165.0,0.002441906835883856
9177.0,-0.002007178496569395
9179.0,0.002588969422504306
9181.0,-0.0026375099550932646
9214.0,-0.0006724107079207897
9219.0,0.0008725202060304582
9234.0,0.00207501114346087
9235.0,-0.0031984043307602406
9237.0,-0.0017572171054780483
9241.0,0.0012923981994390488
9257.0,-0.00014287338126450777
9264.0,-0.002508776495233178
9271.0,-0.0023302477784454823
9273.0,-0.0012725190026685596
9276.0,0.002062583575025201
9297.0,-0.002264553913846612
9308.0,0.0025676533114165068
9309.0,0.0036681448109447956
9317.0,-0.0025579468347132206
9332.0,0.0011763890506699681
9353.0,-0.0017617741832509637
9355.0,0.0022916721645742655
9360.0,0.0010397202568128705
9380.0,-0.0001712433440843597
9398.0,-0.002901987638324499
9402.0,-0.001961893169209361
9408.0,0.0005986744654364884
9414.0,-0.0032879209611564875
9422.0,0.0018253820016980171
9431.0,0.003288096049800515
9433.0,0.000874673540238291
9435.0,-0.0011330220149829984
9438.0,0.0018998193554580212
9439.0,-0.002511986531317234
9451.0,0.0013483247021213174
9454.0,0.0035194449592381716
9489.0,0.0034846907947212458
9513.0,-9.171634155791253e-05
