test_index,y_pred
0.0,0.001041450654156506
4.0,0.0013336092233657837
9.0,-0.002171000698581338
16.0,0.0015246698167175055
17.0,-0.0023322957567870617
31.0,-0.0009810744086280465
38.0,0.0026704887859523296
41.0,0.0020262994803488255
46.0,-0.0016139940125867724
49.0,0.0016132225282490253
52.0,0.0022011513356119394
54.0,0.0013864760985597968
85.0,0.002422604477033019
94.0,0.00220225821249187
147.0,-0.0038670701906085014
149.0,0.002487137448042631
155.0,0.001307633356191218
160.0,0.0021433380898088217
161.0,-0.0037636221386492252
167.0,0.00211556488648057
176.0,-0.003235022071748972
197.0,0.0026932526379823685
206.0,-0.0027728716377168894
211.0,-0.0019267729949206114
213.0,-0.0008937661768868566
218.0,-0.00421615457162261
221.0,0.002424332546070218
238.0,0.0028744302690029144
240.0,-0.001757378806360066
257.0,0.001609942875802517
261.0,0.00280968751758337
268.0,0.002185039222240448
269.0,-0.00045428788871504366
274.0,-0.0031015416607260704
282.0,-0.0004189976607449353
284.0,0.0023470320738852024
285.0,-0.0022519375197589397
294.0,0.0021397185046225786
298.0,-0.0025478797033429146
302.0,-0.0023949402384459972
304.0,-0.0008214761619456112
305.0,-0.0016533046728000045
307.0,0.0005317741306498647
316.0,0.002161276526749134
320.0,-0.002571617718786001
339.0,0.000683516263961792
343.0,0.0005084636504761875
359.0,-0.0018968884833157063
366.0,-0.0013220167020335793
368.0,-0.0016785507323220372
373.0,-0.0015408771578222513
380.0,-0.0040768105536699295
381.0,-0.0028656895738095045
398.0,-0.0010323307942599058
420.0,-0.0036053757648915052
425.0,-0.0017032872419804335
426.0,-0.0006690405425615609
439.0,0.0020342087373137474
441.0,-0.00330984964966774
447.0,-0.0006348733440972865
511.0,-0.001247070380486548
515.0,0.0032830736599862576
517.0,0.0013098831987008452
551.0,0.0006744961719959974
566.0,-0.0013626920990645885
601.0,-0.0006563804345205426
616.0,0.0007695683161728084
624.0,0.0021925210021436214
630.0,0.001458600047044456
648.0,0.0004152848559897393
653.0,0.004421641584485769
662.0,-0.0023567378520965576
670.0,0.0029548900201916695
682.0,-0.0023938838858157396
686.0,-0.0025606215931475163
700.0,0.001407842617481947
711.0,0.0022586334962397814
720.0,-0.0010274964151903987
735.0,0.0016002978663891554
737.0,-0.002879842184484005
742.0,-0.0011560084531083703
750.0,-0.0032847754191607237
764.0,-0.0019441783661022782
785.0,-0.0017909589223563671
803.0,0.0012343944981694221
813.0,0.0018306721467524767
826.0,0.0001695547252893448
829.0,0.002735637128353119
841.0,-0.0026641106233000755
846.0,0.0010701360879465938
848.0,-0.0032576897647231817
854.0,-0.0016787495696917176
855.0,0.0016797910211607814
862.0,-0.0019075601594522595
867.0,0.002765452954918146
888.0,-0.0004521945957094431
903.0,-0.0021352346520870924
905.0,0.0039048681501299143
911.0,-0.001587707782164216
923.0,-0.0006734021008014679
930.0,0.00037891388637945056
935.0,0.001725448528304696
950.0,-0.0012930429074913263
964.0,-0.0016599876107648015
969.0,0.0018943148897960782
982.0,0.0005710724508389831
984.0,-0.003206773893907666
991.0,0.0008847746066749096
998.0,-0.002264314331114292
1000.0,0.00015809095930308104
1008.0,0.0024807851295918226
1029.0,-0.0003044542681891471
1053.0,-0.00229366566054523
1064.0,-0.002419174648821354
1078.0,-0.007858269847929478
1099.0,-0.001491519040428102
1113.0,-0.0014370238641276956
1132.0,0.0012067381758242846
1133.0,-0.0025478797033429146
1139.0,-0.005416041240096092
1168.0,0.0010388408554717898
1206.0,0.0027909213677048683
1215.0,-0.002884948393329978
1220.0,0.0022143537644296885
1221.0,-0.003005001461133361
1226.0,0.0023727731313556433
1230.0,-0.0019075601594522595
1255.0,0.001799692283384502
1269.0,0.00310121919028461
1271.0,-0.002439615549519658
1276.0,-0.0015657275216653943
1288.0,-0.0006862243171781301
1294.0,0.0016792042879387736
1305.0,0.00037462031468749046
1314.0,0.0031493438873440027
1317.0,-0.0024347940925508738
1320.0,-0.001358295907266438
1333.0,-0.0017689286032691598
1343.0,0.0014987887116149068
1358.0,-0.0024061095900833607
1362.0,-0.0016749885398894548
1372.0,0.0015653609298169613
1376.0,-0.002879927633330226
1393.0,-0.00253913551568985
1418.0,-0.0015366771258413792
1455.0,0.0019795845728367567
1460.0,0.00246656802482903
1479.0,0.0009930911473929882
1486.0,-0.0016032858984544873
1496.0,0.0009661941439844668
1498.0,-0.0021166589576750994
1504.0,-5.1227561925770715e-05
1522.0,-0.0033709565177559853
1532.0,0.00014708847447764128
1541.0,0.0001258467382285744
1545.0,-0.0003090229583904147
1568.0,-0.0020759066101163626
1584.0,-0.001164163462817669
1593.0,-0.0018054054817184806
1602.0,-0.001441045431420207
1604.0,-0.0012113443808630109
1606.0,0.00040239322697743773
1634.0,-0.002333147684112191
1639.0,0.0010669088223949075
1653.0,-0.0009038952994160354
1657.0,0.002245733980089426
1687.0,-0.002267061499878764
1692.0,4.5753808080917224e-05
1693.0,-0.0006734617054462433
1714.0,-0.005239228252321482
1720.0,0.0011200220324099064
1736.0,-0.001105954172089696
1738.0,0.002168618142604828
1739.0,-0.0023988978937268257
1771.0,0.0007469414849765599
1813.0,0.0019922382198274136
1820.0,-0.0015411284985020757
1824.0,-0.0008007222204469144
1826.0,-0.0035167643800377846
1833.0,-0.004484327509999275
1881.0,0.0009570038528181612
1887.0,-0.0017129082698374987
1888.0,-0.0017130335327237844
1890.0,0.00200962764210999
1921.0,-0.0016409055097028613
1929.0,-0.002531745471060276
1939.0,-0.002316401107236743
1946.0,-0.0006627945695072412
1959.0,-0.0020912091713398695
1964.0,0.0016092675505205989
1965.0,0.0015622880309820175
1967.0,-0.0026991430204361677
1982.0,0.0015869021881371737
1996.0,0.0002333908632863313
2006.0,-0.00012744632840622216
2011.0,-0.0019892838317900896
2025.0,0.0018749298760667443
2041.0,-0.0021492496598511934
2059.0,-0.0014976992970332503
2069.0,0.0035559670068323612
2081.0,0.0020721922628581524
2084.0,0.0017488886369392276
2099.0,-0.0016514818416908383
2116.0,0.0017928226152434945
2132.0,-0.0019182913238182664
2133.0,-0.0017468646401539445
2137.0,0.0014273679116740823
2150.0,-0.002645022701472044
2151.0,-0.0019159055082127452
2156.0,0.0015266038244590163
2159.0,0.0021473783999681473
2175.0,0.0002456520451232791
2195.0,-0.0007910144049674273
2197.0,0.0019314236706122756
2199.0,0.0029844536911696196
2240.0,5.928573591518216e-05
2254.0,-0.001528787543065846
2275.0,-0.0008545491145923734
2330.0,0.00021892509539611638
2339.0,0.002864397596567869
2346.0,-0.0028727734461426735
2349.0,0.0017231927486136556
2351.0,0.0030096517875790596
2352.0,0.0015475742984563112
2371.0,0.0017105551669374108
2374.0,0.0009156122687272727
2376.0,-0.0013491514837369323
2382.0,0.0005612467066384852
2437.0,-0.001277981442399323
2438.0,0.0021481828298419714
2440.0,0.002524692565202713
2441.0,-0.0018396963132545352
2447.0,-0.0024883279111236334
2451.0,0.0018995146965608
2481.0,-0.0009876764379441738
2499.0,-0.001966677140444517
2512.0,-0.0015415302477777004
2539.0,0.002575189806520939
2541.0,-0.0015610401751473546
2543.0,0.0013268361799418926
2551.0,-0.0015362704871222377
2555.0,-0.0016272790962830186
2565.0,0.0032120123505592346
2574.0,0.0016838236479088664
2629.0,0.00045545565080828965
2637.0,0.0016621676040813327
2638.0,0.0013576513156294823
2650.0,-0.0022573722526431084
2661.0,-0.0003058471775148064
2671.0,0.0014468724839389324
2688.0,-0.002177125308662653
2714.0,-0.002510379534214735
2715.0,-0.0009945954661816359
2716.0,0.0028279125690460205
2721.0,-0.001314499881118536
2724.0,-0.001005294150672853
2726.0,0.0018436358077451587
2752.0,-0.0022949152626097202
2760.0,0.001505572465248406
2773.0,0.0032053787726908922
2778.0,0.0027670213021337986
2785.0,0.0023575720842927694
2807.0,0.0024505096953362226
2812.0,-0.0025146405678242445
2824.0,-0.0029438443016260862
2830.0,0.00047008675755932927
2839.0,0.0021875048987567425
2844.0,0.0019694711081683636
2850.0,0.0018749298760667443
2883.0,0.0012928001815453172
2897.0,0.0030973709654062986
2912.0,0.0008202414028346539
2923.0,-0.00459310133010149
2928.0,0.0015019915299490094
2930.0,-0.000635850359685719
2936.0,-0.0003654048778116703
2938.0,-0.0024929633364081383
2944.0,-0.002641725819557905
2946.0,0.001955135725438595
2950.0,-0.003337393281981349
2969.0,0.0009867810877040029
2973.0,-0.0012782062403857708
3002.0,0.0007893777801655233
3016.0,-0.0017569841584190726
3035.0,0.00017972853675018996
3058.0,0.0018079524161294103
3079.0,0.0019768758211284876
3084.0,-0.0010958852944895625
3102.0,0.0014937364030629396
3107.0,-0.0018607776146382093
3115.0,-0.0019616426434367895
3122.0,0.0013251003110781312
3127.0,0.0006352555355988443
3149.0,0.0019331960938870907
3155.0,0.0003551470290403813
3173.0,-0.002445436315611005
3208.0,0.0019064274383708835
3222.0,0.0021965394262224436
3241.0,0.0028497364837676287
3242.0,0.0019501261413097382
3251.0,-0.004639940802007914
3263.0,0.001212919014506042
3276.0,-0.0018304077675566077
3284.0,0.0009686984121799469
3289.0,-0.0011536338133737445
3294.0,0.0008828247664496303
3300.0,0.0012225680984556675
3303.0,0.0002830260491464287
3304.0,-0.001971750520169735
3308.0,0.001188460155390203
3323.0,0.00270363362506032
3353.0,0.001717168721370399
3366.0,0.0017703080084174871
3382.0,0.004212887492030859
3385.0,-0.001829409971833229
3390.0,0.002726196777075529
3403.0,0.0009888825006783009
3408.0,0.002404063707217574
3417.0,0.0017415140755474567
3421.0,0.0023120222613215446
3422.0,0.001571032335050404
3449.0,-0.0006305579445324838
3461.0,-0.0018914559623226523
3475.0,0.00014846722478978336
3479.0,-0.0006378836696967483
3494.0,0.002997262869030237
3505.0,-0.004416278563439846
3511.0,-0.002837329637259245
3518.0,4.1774841520236805e-05
3521.0,0.004899358842521906
3522.0,-0.002563738264143467
3531.0,0.0022408764343708754
3537.0,-0.0027453862130641937
3550.0,-0.0015825597802177072
3552.0,-0.0031910694669932127
3556.0,0.002217935398221016
3562.0,-0.0010877782478928566
3571.0,0.0023042489774525166
3578.0,0.002153628272935748
3588.0,0.002808875637128949
3601.0,0.0015306073473766446
3602.0,0.001942683244124055
3622.0,0.002599269850179553
3623.0,0.0014313922729343176
3652.0,-9.807181777432561e-05
3668.0,-0.0017757872119545937
3669.0,-0.0018860151758417487
3672.0,-0.00048259017057716846
3682.0,0.001331700012087822
3686.0,-0.0014390480937436223
3687.0,-0.0003954587155021727
3725.0,-0.0016342855524271727
3733.0,0.0028362355660647154
3746.0,0.003651408711448312
3753.0,-0.0024499413557350636
3755.0,-0.0017764876829460263
3762.0,-0.0013393560657277703
3776.0,0.0018673059530556202
3777.0,0.0006742890691384673
3782.0,0.00045964072342030704
3788.0,0.001827301224693656
3798.0,-0.0022725912276655436
3848.0,-0.0019469347316771746
3866.0,0.0010929976124316454
3874.0,-0.0015229033306241035
3876.0,-0.0018030920764431357
3878.0,0.0017952800262719393
3895.0,0.001294366316869855
3901.0,-0.0023712990805506706
3910.0,-0.005097115878015757
3915.0,0.000809862045571208
3917.0,0.00243187602609396
3922.0,-0.0028423178009688854
3924.0,-0.0013809121446684003
3936.0,-0.0018781147664412856
3950.0,-0.0018859123811125755
3961.0,0.0023479447700083256
3974.0,0.001317847752943635
3975.0,-0.002943063387647271
3978.0,-0.0005919421091675758
3987.0,0.0007907517720013857
3993.0,0.0015796279767528176
4010.0,-0.002251045312732458
4022.0,-0.0014071183977648616
4024.0,-0.0027331598103046417
4033.0,0.0011662141187116504
4034.0,-0.0024739049840718508
4037.0,-0.0013072618748992682
4043.0,-0.0007736767875030637
4046.0,0.001309076207689941
4051.0,0.0025253186468034983
4058.0,-0.00107522401958704
4067.0,0.0005037985974922776
4072.0,0.0017301992047578096
4073.0,-0.0015205531381070614
4086.0,-0.0015474691754207015
4115.0,-0.002694812137633562
4116.0,0.0006169658154249191
4132.0,0.0019619318190962076
4142.0,0.0016618228983134031
4160.0,0.002057176548987627
4163.0,0.0025772126391530037
4166.0,-0.0016949408454820514
4167.0,0.002621864667162299
4170.0,-0.0014827732229605317
4174.0,-0.0016238028183579445
4198.0,-0.0010495311580598354
4208.0,0.003673726925626397
4223.0,-0.0015820016851648688
4226.0,0.0016023694770410657
4229.0,0.0021624320652335882
4259.0,0.0001728745410218835
4279.0,-0.000465954071842134
4282.0,-0.001075970707461238
4288.0,0.0015420748386532068
4312.0,-0.002567575080320239
4315.0,-0.0027628890238702297
4322.0,-0.0018003233708441257
4326.0,0.0016130706062540412
4338.0,0.0002353676245547831
4344.0,-0.0012625193921849132
4347.0,0.002241237321868539
4352.0,-0.0033357178326696157
4378.0,0.002561863511800766
4380.0,0.001100987195968628
4385.0,0.0030682922806590796
4396.0,-0.0009034494287334383
4413.0,-0.002980489982292056
4417.0,0.003258919110521674
4444.0,-0.0008749719709157944
4445.0,-0.0012405734742060304
4462.0,-0.001023892080411315
4471.0,0.0018177254823967814
4479.0,0.0029597340617328882
4495.0,-0.002631043316796422
4499.0,-0.0008113240473903716
4510.0,0.0003138669126201421
4518.0,-0.0026630330830812454
4521.0,0.002166748745366931
4523.0,-0.0030940535943955183
4524.0,-0.0005799531354568899
4527.0,0.000739866285584867
4528.0,-0.001346539007499814
4538.0,-0.001539090764708817
4540.0,-0.003113687038421631
4563.0,0.0028189814183861017
4566.0,0.0010764026083052158
4573.0,-0.0004993450129404664
4596.0,0.0019455676665529609
4607.0,-0.00233588763512671
4609.0,-0.0006017982959747314
4610.0,0.0026525885332375765
4614.0,-0.0020458251237869263
4626.0,-0.0015680310316383839
4628.0,0.0005119349807500839
4639.0,-0.0029058465734124184
4700.0,0.0017969983164221048
4706.0,0.0019331502262502909
4724.0,-0.002145083388313651
4726.0,0.0030579345766454935
4732.0,-0.0009583808714523911
4737.0,-0.0011922987177968025
4762.0,0.0031132155563682318
4773.0,0.0006275385967455804
4777.0,0.003089172299951315
4780.0,-0.00018178745813202113
4783.0,0.0005908142193220556
4800.0,-0.0013986261328682303
4824.0,-8.244803757406771e-05
4828.0,0.000865054433234036
4832.0,-0.002497221576049924
4843.0,-0.0018666114192456007
4845.0,0.002935622353106737
4849.0,-0.0016894940054044127
4856.0,-0.002625096356496215
4868.0,-0.001659920671954751
4881.0,-0.0009483607136644423
4892.0,-0.002645022701472044
4909.0,-0.00247628940269351
4920.0,-0.0011321131605654955
4924.0,0.00235727708786726
4932.0,0.0033402375411242247
4933.0,0.0010890451958402991
4936.0,-0.0007717006956227124
4938.0,-0.002724423771724105
4941.0,0.0017370523419231176
4956.0,0.0003013455425389111
4978.0,-0.0014799273340031505
4989.0,-0.0010293552186340094
4991.0,-0.00027296863845549524
4998.0,-0.00077851238893345
4999.0,-0.002404777565971017
5010.0,-0.001456444850191474
5021.0,0.00268746935762465
5038.0,0.0004215679655317217
5046.0,-0.0014882743125781417
5058.0,-0.0021410423796623945
5073.0,0.0009937441209331155
5082.0,-0.002704899525269866
5091.0,-0.003043429460376501
5102.0,-0.0028577845077961683
5115.0,-0.00238363747484982
5116.0,-0.0014929634053260088
5124.0,-0.0013829629169777036
5128.0,-0.0022342533338814974
5133.0,-0.0008314631995745003
5135.0,-0.0018753302283585072
5147.0,0.0014881761744618416
5160.0,-0.001988448202610016
5191.0,-0.0013704100856557488
5198.0,-0.000793968269135803
5201.0,-0.0003601127536967397
5216.0,-0.0011694894637912512
5223.0,0.00013436954759526998
5245.0,0.0008230778039433062
5258.0,-0.0014667731011286378
5259.0,-0.0006593867437914014
5288.0,-0.0016800749581307173
5309.0,0.001841935096308589
5313.0,-0.001565874321386218
5322.0,-0.0015030319336801767
5325.0,0.001909254933707416
5330.0,-0.0011449450394138694
5331.0,-0.0008821110823191702
5336.0,0.0012373754289001226
5339.0,0.001389282289892435
5363.0,0.001926846569404006
5377.0,0.001390170189552009
5380.0,0.00013701533316634595
5398.0,0.0002866593422368169
5408.0,-0.0015557212755084038
5421.0,0.0010545577388256788
5428.0,-0.002931533847004175
5449.0,0.0009668071870692074
5463.0,0.0021575631108134985
5478.0,0.0013148279394954443
5509.0,-0.0030908880289644003
5513.0,-0.0015298615908250213
5532.0,0.0005124548333697021
5536.0,-0.00186616787686944
5549.0,-0.0017924917628988624
5550.0,0.000730422732885927
5566.0,0.0022162615787237883
5572.0,0.0004481998330447823
5596.0,-0.0017295156139880419
5597.0,0.0003755387442652136
5617.0,0.002055404707789421
5658.0,0.0011338968761265278
5661.0,-0.0009607270476408303
5667.0,0.0012700877850875258
5669.0,-9.832382602326106e-06
5676.0,0.002532498212531209
5689.0,-0.002021852182224393
5717.0,-0.0021118014119565487
5722.0,-0.005590648856014013
5744.0,-0.0020711736287921667
5751.0,-0.0032114938367158175
5762.0,0.0020685663912445307
5780.0,0.0019375572446733713
5791.0,-0.000683974358253181
5793.0,0.0018997383303940296
5805.0,0.0016600133385509253
5809.0,-0.0017013055039569736
5810.0,0.0020402087830007076
5817.0,-0.002116885269060731
5832.0,-0.002433072542771697
5833.0,-0.001944982330314815
5843.0,-0.0018850042251870036
5850.0,-0.0009067260543815792
5856.0,-0.0013764487812295556
5861.0,-0.0025392803363502026
5866.0,-0.0014890464954078197
5867.0,-0.0012350579490885139
5884.0,-0.0023390904534608126
5892.0,0.0015479907160624862
5894.0,-0.002737420843914151
5916.0,0.0017726374790072441
5925.0,-0.0016896645538508892
5933.0,-0.0004315973201300949
5937.0,-0.0009686785051599145
5961.0,-0.000643687613774091
5962.0,-0.003377044340595603
5978.0,-0.0005905915168114007
5980.0,0.002369553316384554
5982.0,-0.001627709367312491
5986.0,0.001122209825553
6022.0,0.0017722973134368658
6027.0,-0.0004477276816032827
6035.0,0.0008062811684794724
6049.0,0.001860460382886231
6053.0,0.0029209014028310776
6059.0,-0.0003657447814475745
6066.0,0.0009402176947332919
6068.0,0.0011094383662566543
6070.0,0.0010852925479412079
6108.0,0.0006577391177415848
6139.0,0.0015820751432329416
6171.0,0.0013713410589843988
6175.0,-0.0010830108076334
6179.0,-0.0019530401332303882
6193.0,0.0012216290924698114
6202.0,0.003607859369367361
6214.0,0.003981428686529398
6221.0,0.001498215482570231
6224.0,0.003983900882303715
6226.0,-0.00258728489279747
6253.0,-0.002314693294465542
6280.0,-0.003030228428542614
6284.0,-0.0018258769996464252
6285.0,-0.0008438850054517388
6294.0,-0.0016633894992992282
6301.0,-0.0026405996177345514
6306.0,0.0017614905955269933
6307.0,-0.0014623539755120873
6317.0,0.0018625576049089432
6320.0,-0.0016238028183579445
6326.0,-0.0039951736107468605
6328.0,0.002633101539686322
6346.0,-0.0015925642801448703
6354.0,-0.0034534872975200415
6362.0,-0.0016615564236417413
6367.0,0.0013620257377624512
6369.0,-0.00014030642341822386
6378.0,-0.0018011785577982664
6385.0,-0.0008121851133182645
6397.0,-0.0015891400398686528
6400.0,0.002144569531083107
6404.0,-0.0010761052835732698
6406.0,0.005669012200087309
6412.0,-0.0017592948861420155
6414.0,-0.001754013355821371
6417.0,0.0018403682624921203
6420.0,0.002951650880277157
6426.0,-0.00233792164362967
6438.0,0.002235927153378725
6442.0,-0.0024981265887618065
6444.0,0.000907903304323554
6447.0,-0.002608814276754856
6470.0,0.0019504395313560963
6481.0,0.0005187185015529394
6499.0,0.0025243295822292566
6510.0,0.003940347116440535
6519.0,-0.00047962399548850954
6550.0,0.0013045246014371514
6557.0,-0.0038490905426442623
6558.0,-0.0016633894992992282
6562.0,-0.0011956485686823726
6565.0,0.0010988444555550814
6568.0,-0.003016773844137788
6573.0,0.002577186794951558
6578.0,-0.002391643123701215
6579.0,0.0008842780371196568
6587.0,-0.0010380669264122844
6615.0,-0.0011470697354525328
6619.0,0.001172542804852128
6627.0,-0.0020386772230267525
6638.0,0.0014728991081938148
6666.0,-0.0007997245993465185
6695.0,-0.0022324814926832914
6712.0,-0.0033697071485221386
6714.0,-0.0008652597898617387
6717.0,0.0007013482390902936
6719.0,-0.0035923831164836884
6729.0,0.0008144101011566818
6733.0,-0.003430539509281516
6736.0,0.001246012281626463
6743.0,-0.0024075021501630545
6746.0,-0.0033991634845733643
6748.0,-0.004445374011993408
6749.0,0.002465109573677182
6750.0,-0.0021778857335448265
6758.0,0.002894941484555602
6782.0,0.0022952903527766466
6785.0,-0.001563422498293221
6789.0,-0.0018578646704554558
6793.0,-0.0018956142012029886
6800.0,0.0016622677212581038
6807.0,-0.0019640522077679634
6813.0,-0.002743033692240715
6822.0,-0.0029089453164488077
6836.0,0.0014292566338554025
6843.0,0.0034222977701574564
6858.0,-0.0012686090776696801
6872.0,0.002350417897105217
6873.0,0.0034004237968474627
6891.0,0.0018183415522798896
6896.0,-0.0024018860422074795
6907.0,0.001937155844643712
6913.0,0.00023140048142522573
6932.0,-0.0031182118691504
6937.0,0.0021210794802755117
6941.0,0.001236679614521563
6960.0,-0.0005024245474487543
6968.0,-0.0008396791527047753
6972.0,0.0005055377841927111
6984.0,-0.0015618035104125738
6998.0,0.0022745782043784857
7007.0,0.0026495689526200294
7049.0,0.001998834079131484
7074.0,0.0006877094274386764
7075.0,-0.0016897455789148808
7078.0,0.0006685241824015975
7101.0,-0.001749374670907855
7103.0,-0.0023923655971884727
7104.0,0.0023057349026203156
7110.0,0.0016281799180433154
7114.0,0.002834516577422619
7122.0,-0.002323589287698269
7151.0,-0.0007756543345749378
7152.0,0.002270359778776765
7165.0,0.0016997630009427667
7194.0,0.0012141390470787883
7203.0,0.0006461251759901643
7207.0,-0.0013416734291240573
7222.0,0.001288795843720436
7227.0,-0.0015240187058225274
7230.0,0.00025819928850978613
7240.0,-0.0029975383076816797
7271.0,0.0011500222608447075
7288.0,0.006305836606770754
7304.0,-0.002243248512968421
7311.0,0.0017264055786654353
7314.0,0.002641576575115323
7316.0,0.0025209723971784115
7331.0,0.004138267133384943
7334.0,-0.0017260391032323241
7335.0,-0.0015353282215073705
7341.0,-0.0010017813183367252
7346.0,0.002267547883093357
7367.0,-0.0003693236212711781
7381.0,0.0018001219723373652
7386.0,-0.002160343574360013
7401.0,0.0023003695532679558
7455.0,0.0008908674353733659
7459.0,-0.0010364463087171316
7461.0,0.0011539787519723177
7473.0,0.0015635824529454112
7478.0,0.0019579906947910786
7479.0,0.00018066773191094398
7480.0,0.0019339545397087932
7489.0,-0.002257999498397112
7506.0,-0.00043732949416153133
7524.0,-0.0024576091673225164
7533.0,0.0021519730798900127
7550.0,-0.008491391316056252
7566.0,0.002451593754813075
7570.0,0.0018006190657615662
7574.0,0.0008979281992651522
7584.0,0.002057065488770604
7585.0,0.0022342379670590162
7596.0,0.0018809749744832516
7626.0,-0.001485719927586615
7635.0,0.0012438894482329488
7639.0,0.00159749248996377
7651.0,0.00017190774087794125
7660.0,0.0015619449550285935
7662.0,-0.0021381955593824387
7664.0,-7.761223241686821e-05
7665.0,-0.0015687349950894713
7667.0,-0.0013201961992308497
7681.0,0.001644672709517181
7682.0,0.0007368481019511819
7685.0,0.0006578750326298177
7687.0,-0.0035046362318098545
7706.0,0.00043888294021598995
7710.0,0.0022984161041677
7717.0,-0.0018834404181689024
7734.0,0.0019111187430098653
7735.0,-0.0026004610117524862
7739.0,-0.0020181513391435146
7753.0,0.001777011901140213
7765.0,0.0018242048099637032
7772.0,0.00025041375192813575
7776.0,0.002495792228728533
7810.0,-0.0017550868215039372
7811.0,0.001789561938494444
7815.0,-0.000281437678495422
7821.0,0.0030118830036371946
7845.0,0.0018119504675269127
7847.0,0.00224647531285882
7852.0,0.00021001725690439343
7877.0,-0.0017077638767659664
7888.0,0.0017071326728910208
7907.0,0.00010090255091199651
7917.0,-0.0021000157576054335
7918.0,0.001473799580708146
7927.0,0.002420844743028283
7940.0,-0.0018783309496939182
7944.0,-0.0028809942305088043
7964.0,0.0015478864079341292
7968.0,0.0013214378850534558
7975.0,-0.0001942115050042048
7980.0,0.0019364090403541923
7993.0,0.0010240545962005854
7994.0,-0.0024688264820724726
8010.0,0.0017060424434021115
8029.0,-0.001494087278842926
8036.0,-0.002599309431388974
8044.0,0.0056432257406413555
8048.0,0.0015665636165067554
8053.0,-0.0021281936205923557
8061.0,0.0006804034928791225
8073.0,-0.00041864343802444637
8077.0,-0.002146971644833684
8081.0,0.0033618814777582884
8084.0,0.001864820602349937
8091.0,-0.0030577112920582294
8098.0,0.0010141429957002401
8105.0,-0.0017440150259062648
8119.0,0.0015484432224184275
8125.0,0.003051075851544738
8149.0,0.0019147428683936596
8154.0,-0.0024988942313939333
8155.0,-0.0011735536390915513
8179.0,0.002865175250917673
8187.0,0.00119641178753227
8188.0,-0.0018365124706178904
8194.0,0.0014818169875070453
8203.0,0.0012132532428950071
8204.0,0.0013393586268648505
8241.0,-0.002018844010308385
8244.0,-2.4309523723786697e-05
8245.0,0.001914713066071272
8279.0,0.002382004400715232
8280.0,-0.004080371465533972
8281.0,-0.0025842313189059496
8285.0,-0.003226064844056964
8307.0,-0.0019568679854273796
8315.0,0.002850518561899662
8334.0,0.0019660296384245157
8337.0,-0.002229561796411872
8347.0,0.0005716896266676486
8353.0,0.002390594221651554
8358.0,-0.0016205752035602927
8382.0,0.0027259341441094875
8385.0,0.00019587604037951678
8386.0,-0.005893525201827288
8388.0,-0.0011357543990015984
8392.0,-0.002008216455578804
8404.0,0.0017613472882658243
8407.0,0.0006823029834777117
8408.0,0.0013998106587678194
8415.0,-0.002766198478639126
8417.0,0.0003364014846738428
8458.0,0.001885815872810781
8460.0,-0.0014006112469360232
8474.0,0.0006823432631790638
8476.0,0.002049544593319297
8479.0,0.0023832316510379314
8481.0,-0.0016826086211949587
8533.0,-0.0018696441547945142
8537.0,0.001984690548852086
8538.0,0.002335131634026766
8545.0,0.0010291740763932467
8553.0,0.002190554980188608
8565.0,-0.0024623796343803406
8584.0,-0.001527517451904714
8598.0,-0.0006120940088294446
8602.0,-4.166640792391263e-05
8606.0,0.0029346446972340345
8616.0,0.003899092087522149
8619.0,-0.0029095010831952095
8654.0,-0.0007591985631734133
8670.0,-0.0030791519675403833
8680.0,-0.002492448315024376
8681.0,-0.0021535628475248814
8695.0,-0.002938993740826845
8709.0,-0.0013020829064771533
8710.0,0.002047846093773842
8713.0,-0.0012467463966459036
8714.0,-0.0013271853094920516
8738.0,-0.001749374670907855
8742.0,0.0017202957533299923
8744.0,-0.0014564819866791368
8747.0,-0.0024613968562334776
8751.0,0.0009418483823537827
8771.0,-0.0013009198009967804
8797.0,9.28396693780087e-05
8809.0,-0.0032042679376900196
8811.0,-0.0005343473167158663
8815.0,-0.0009081016178242862
8818.0,0.0020458062645047903
8824.0,-0.0034820090513676405
8832.0,0.0019480034243315458
8835.0,0.0012141390470787883
8850.0,-0.0009184885420836508
8862.0,-0.0021981815807521343
8866.0,0.002933430951088667
8868.0,0.002449779538437724
8878.0,-1.3772151760349516e-05
8880.0,-0.0022864968050271273
8891.0,-0.0016000467585399747
8894.0,-0.0016937155742198229
8899.0,-0.0008091060444712639
8922.0,0.0022357895504683256
8923.0,-0.0024198382161557674
8927.0,-0.0018035321263596416
8930.0,0.000503481482155621
8932.0,0.0007947158301249146
8976.0,-0.00342235853895545
8996.0,-0.000763649761211127
8997.0,-0.0013839250896126032
9013.0,-0.00014687095244880766
9014.0,-0.0007872245623730123
9040.0,0.0018478018464520574
9052.0,-0.0011710330145433545
9055.0,0.0011663174955174327
9056.0,-0.0014856740599498153
9061.0,-0.0018507818458601832
9074.0,0.0007405832293443382
9085.0,0.0003517736913636327
9094.0,-0.0018286235863342881
9103.0,-0.0014114712830632925
9134.0,-0.0025478797033429146
9138.0,0.0021935526747256517
9146.0,-0.0028048965614289045
9149.0,0.001384593895636499
9160.0,-0.0018973387777805328
9165.0,0.0018710150616243482
9170.0,0.0004885243251919746
9174.0,-0.0013100042706355453
9188.0,0.0012475673574954271
9202.0,-0.0009411057690158486
9222.0,-0.001809867681004107
9230.0,-0.0021535123232752085
9238.0,0.002859053434804082
9263.0,0.0020845469553023577
9283.0,-0.003013951238244772
9287.0,0.0036975149996578693
9300.0,0.0019265502924099565
9315.0,0.002019700827077031
9317.0,-0.0030821727123111486
9329.0,0.002703862963244319
9353.0,-0.0018943733302876353
9355.0,0.002209177240729332
9358.0,0.0022008130326867104
9360.0,0.0012040992733091116
9361.0,-0.002279415726661682
9371.0,0.0016401000320911407
9380.0,-1.2182190403109416e-05
9381.0,-0.0005830490263178945
9383.0,-0.0012487993808463216
9403.0,0.0009386699530296028
9423.0,0.0015507908537983894
9428.0,-0.0032452174928039312
9431.0,0.0020283684134483337
9436.0,-0.0017004068940877914
9446.0,0.0015748364385217428
9463.0,-0.0020748903043568134
9466.0,0.001246702391654253
9468.0,-0.0033652856945991516
9478.0,-0.003656797343865037
