test_index,y_pred
1.0,4.643089634780437
4.0,4.632317082208339
18.0,4.290781974812164
24.0,5.447775880901835
26.0,5.215575904430811
51.0,5.178228682555019
60.0,5.035057673363636
67.0,5.132839922949609
69.0,5.767678731637824
77.0,5.298757628649217
82.0,5.0781642017613695
109.0,4.662009298938075
121.0,5.2221343440804935
124.0,4.931303933329572
128.0,5.549938506358991
129.0,5.135678432576996
138.0,4.537844385549573
142.0,7.700383037230525
143.0,4.71849007945719
145.0,4.833884692352074
151.0,5.873891934085889
153.0,5.265476232268489
154.0,6.134979629594529
156.0,6.134979629594529
170.0,3.3460956908116524
176.0,4.887990743677193
178.0,4.605026730689662
179.0,4.64532980748571
192.0,4.59740941684829
193.0,4.985878617142308
215.0,6.002997318006403
228.0,5.64852302717646
231.0,5.035124935754035
237.0,4.578071340958685
240.0,3.7978069321948267
241.0,6.195888785865201
253.0,3.7809883690831163
264.0,5.9411828425112425
277.0,6.244400951587473
283.0,5.52975315735494
294.0,5.383085009875065
300.0,5.559313144269612
308.0,5.373829710612601
326.0,6.647712456584265
328.0,5.700759051680648
329.0,5.448478261574116
342.0,5.974788302999209
343.0,5.974788302999209
363.0,6.297585417298359
377.0,7.672299683887985
397.0,5.511808643206603
425.0,6.098763327224788
435.0,5.2489154582377875
437.0,6.235210704008055
442.0,5.547204922028287
454.0,6.420621756564478
471.0,6.0461707545969405
477.0,7.143478010943428
491.0,7.595120732933695
495.0,6.3907897258411435
498.0,6.3907897258411435
512.0,5.282309941862351
523.0,5.502028606726196
534.0,5.526488117129515
545.0,5.275153179529541
546.0,5.337348481385507
547.0,6.453728911632628
555.0,5.873197730921334
556.0,6.318026696069358
566.0,4.192537972577769
585.0,4.950290026773057
595.0,5.297724095398374
610.0,5.334771216069182
616.0,5.041400116566893
641.0,5.027964478646978
642.0,5.145916771959288
665.0,4.978534209790576
666.0,5.021219338924621
669.0,5.535933325224455
703.0,5.5940824289247155
719.0,4.632321056776303
723.0,6.283356603905203
734.0,4.730169887936953
737.0,4.8111719451924015
739.0,4.857768416571584
751.0,4.801487638777299
755.0,4.81689988441675
773.0,4.300195908679423
786.0,4.697604083553545
800.0,5.053798493190368
805.0,7.044765805863471
815.0,6.244334792777601
825.0,5.621184857681589
853.0,6.091031022035611
865.0,4.865108445624079
870.0,6.121953039320775
873.0,6.85540564032227
882.0,6.984748719020349
888.0,5.749442399430338
896.0,6.992727699751518
901.0,5.817233422412559
912.0,6.381262917041903
918.0,6.181565787120629
919.0,6.3311065770388355
924.0,6.495007509938437
942.0,5.138846623981131
950.0,7.367230178444333
953.0,7.166421509981396
962.0,4.953883712369995
992.0,5.233896390990521
996.0,5.236189159770881
1004.0,5.619788525378289
1016.0,7.163668312226242
1032.0,3.9097327053657147
1033.0,5.664200695081914
1067.0,6.822693328514569
1069.0,5.617240180649479
1077.0,5.43660598753769
1079.0,5.74916219440054
1102.0,6.228797192365964
1104.0,7.157278421118131
1117.0,6.195408210776303
1128.0,5.674312886523197
1131.0,5.612721091115933
1133.0,5.714982546579001
1135.0,6.6001691405357
1152.0,4.74356407496644
1163.0,5.400492778902475
1172.0,6.987386308020565
1177.0,6.039804863729923
1203.0,4.681872915962123
1212.0,5.35000931195757
1221.0,6.55940040925886
1230.0,6.560833236322148
1269.0,7.691581691977112
1273.0,4.758822755255341
1299.0,2.7104892378550884
1301.0,5.589770192962887
1302.0,6.44151514267933
1317.0,6.218647262215534
1321.0,5.996216956389395
1329.0,4.9090533052616605
1341.0,5.595604329514766
1357.0,5.990474402787137
1362.0,5.489838119526748
1364.0,5.820713655447531
1407.0,6.401392185796056
1410.0,4.694740790927019
1420.0,4.5723226024605035
1445.0,4.6453631011872085
1449.0,6.594355230376645
1462.0,5.403873405859318
1465.0,5.279413256641763
1469.0,4.230050852983029
1480.0,4.982164137140326
1505.0,4.680732931445127
1522.0,6.181411166377851
1532.0,6.01232167245477
1535.0,5.151306292738197
1537.0,5.676641576020678
1545.0,5.585570124141172
1551.0,5.135860972121476
1552.0,5.830861547821753
1565.0,5.7953026348602865
1567.0,5.388578530145835
1590.0,6.780806084986605
1601.0,5.9979303411140075
1632.0,5.815093794698417
1641.0,5.455851936159299
1674.0,5.563926561013321
1680.0,5.868374419904607
1706.0,5.661298317303295
1716.0,6.390728657086339
1736.0,5.265097875436145
1738.0,6.377029533155521
1751.0,5.334741419401323
1759.0,7.077673439272498
1797.0,5.331493556007097
1820.0,4.737941839241024
1858.0,4.502264873736729
1861.0,5.4955909451878835
1867.0,5.383023989681729
1869.0,5.143499259811084
1910.0,6.666037848805648
1916.0,6.422849444998444
1917.0,6.337045859225637
1926.0,5.990805386145337
1927.0,5.721365860249382
1936.0,5.518857915631157
1956.0,4.909299460963939
1959.0,6.2112303089509275
1995.0,6.454383732545906
1996.0,6.878248061069573
2007.0,6.020580653836022
2043.0,6.509231636158838
2060.0,5.834457655655751
2079.0,5.073366285883659
2086.0,6.050168675583319
2106.0,5.498949529946476
2118.0,4.699503485042674
2120.0,4.961651105807512
2121.0,6.131487346481346
2126.0,7.09010986361966
2131.0,5.44517096509414
2135.0,5.55907891414583
2148.0,4.705694146965211
2153.0,6.680565853573613
2155.0,5.490945493706226
2159.0,6.081650243077938
2166.0,5.676427363686273
2172.0,7.337726353146469
2173.0,6.812219150692995
2187.0,6.530353252316622
2208.0,5.528054345818567
2223.0,5.123620833733609
2234.0,6.4719770406136465
2244.0,5.348634664086986
2259.0,4.770892021449278
2276.0,6.698988313011685
2283.0,5.690679197126643
2294.0,5.724408955551399
2298.0,5.497576967837265
2300.0,7.105252491311824
2321.0,6.183815063980642
2329.0,6.4244589847677265
2330.0,5.092770666443617
2331.0,5.652564688833609
2349.0,6.45004557387494
2354.0,6.976657145470671
2365.0,4.627430026652875
2374.0,6.959509608193206
2410.0,4.777599092124755
2415.0,5.5752619087421795
2449.0,6.53435278240567
2460.0,5.745571230403204
2481.0,6.385722434403297
2489.0,5.65399673568522
2494.0,5.9367244601763
2499.0,6.542876782135868
2506.0,6.797024521142657
2511.0,5.462421636849628
2518.0,5.443427772305378
2521.0,5.4252658580991415
2548.0,5.568797436027794
2562.0,6.65777655563785
2565.0,4.82829015782469
2567.0,7.110765210875198
2568.0,6.138400706073682
2579.0,5.022009102983475
2584.0,5.841029553827121
2591.0,5.507013628934294
2600.0,5.094195203475664
2601.0,5.07551254115142
2603.0,6.254406723630362
2623.0,6.102664952037116
2630.0,5.28282361194823
2636.0,4.8837464707980525
2641.0,5.492988865570805
2657.0,6.09817178689454
2659.0,6.638338852317539
2663.0,6.471230899408161
2668.0,6.327986309938932
2669.0,5.836420189287096
2683.0,5.81970937688878
2694.0,6.294161457208493
2699.0,5.521810294870365
2706.0,7.011087232018926
2708.0,5.051841755178571
2713.0,4.703235735466783
2721.0,6.4919958134502105
2726.0,7.017742731102824
2728.0,6.855080760350973
2738.0,6.3878884205389275
2741.0,5.940206484491938
2757.0,4.972290769393466
2779.0,4.527894404192148
2793.0,5.000449720227475
2795.0,6.578130691931081
2809.0,5.182406358592895
2825.0,7.081998074815567
2830.0,7.052695931515386
2831.0,6.910701861734285
2838.0,5.482938903926808
2857.0,4.873690074835117
2878.0,5.368391124277827
2880.0,6.232859692156567
2883.0,6.232859692156567
2892.0,5.56989311268567
2895.0,6.168687136493832
2897.0,6.997645073410073
2905.0,7.353381081569591
2920.0,6.4641874978891325
2921.0,5.378456175979176
2925.0,5.275948274530033
2938.0,5.927558006120706
2940.0,4.73276766468482
2941.0,5.927558006120706
2942.0,5.920283072764927
2945.0,6.724070062845869
2962.0,4.884371464565427
2964.0,5.809246877834157
2985.0,6.907055177074025
3001.0,6.402905921378054
3005.0,5.4434710236499075
3010.0,6.663388467007288
3018.0,6.282716618002149
3019.0,6.070634615016712
3020.0,6.439184680825498
3029.0,4.410951854515414
3044.0,7.112165232167285
3081.0,6.2177953481955095
3083.0,4.466995190083792
3085.0,5.667908364759415
3089.0,6.074506681076181
3091.0,5.833157341347927
3113.0,6.428268230545014
3114.0,6.2839246675758496
3122.0,5.653114447342945
3129.0,5.446654699882113
3140.0,4.8920039785408
3142.0,6.464404760448537
3153.0,6.272241271539047
3159.0,6.831901479840753
3161.0,6.381404640164555
3168.0,5.606913905462556
3174.0,6.344809081042835
3185.0,5.463088401889076
3188.0,6.249484901545416
3192.0,5.61080321772607
3199.0,5.525209049677916
3201.0,6.836521026439258
3202.0,6.210171697687917
3203.0,5.412275128502827
3205.0,7.056471205980589
3225.0,6.14829519308118
3228.0,5.6984313738547625
3235.0,5.4785636297561195
3236.0,5.636755061399669
3237.0,4.810986146607102
3240.0,6.208271807510667
3253.0,4.386777876160888
3257.0,4.8101311832576
3269.0,5.802233073181353
3276.0,6.297831678667454
3283.0,5.662352313002262
3304.0,6.4775591520691345
3309.0,5.1654906840488195
3326.0,5.522249329487034
3331.0,6.322705257993486
3338.0,4.7436532576931105
3342.0,5.546039160179884
3357.0,5.347619302469049
3364.0,4.954829333294689
3380.0,4.914666809324151
3381.0,6.60726563787632
3398.0,5.863230849323031
3401.0,5.29372209447107
3410.0,4.3948213087485035
3426.0,5.155738169442521
3427.0,5.121837687986143
3440.0,6.640993131680411
3462.0,5.324040255498736
3481.0,5.545097108072194
3484.0,5.621925024335726
3502.0,5.6932542063347436
3504.0,5.2584637338020634
3510.0,5.932403464496953
3511.0,6.340748204119087
3518.0,5.620877664547475
3548.0,5.325387327843716
3565.0,5.632727451491743
3577.0,5.721168956428043
3597.0,5.883088068948105
3598.0,5.453702680192837
3605.0,5.883088068948105
3618.0,6.393693238809767
3627.0,5.878005015472825
3644.0,5.234180439327349
3653.0,6.200866150419673
3659.0,5.581285609871814
3661.0,6.603945558769078
3672.0,5.783906359712271
3683.0,6.055932773033579
3701.0,4.266544567774119
3720.0,6.9865201589305945
3723.0,6.9865201589305945
3731.0,5.9690688868443145
3732.0,6.3001196140764515
3734.0,5.547839282712148
3767.0,5.376544666979472
3768.0,5.376544666979472
3770.0,5.376544666979472
3779.0,5.719961775423939
3783.0,6.124430974764043
3791.0,5.6108934825952295
3795.0,6.422107745728656
3806.0,6.665868829579332
3830.0,6.851838545596703
3836.0,5.507893818881454
3840.0,5.4423511805166624
3865.0,5.485607973492361
3874.0,5.65031552573127
3879.0,6.066358679857257
3888.0,7.054586074075176
3903.0,4.559359223455222
3918.0,6.87716705103722
3924.0,4.331537628485161
3960.0,5.174120445424193
3964.0,5.284725641990211
3993.0,4.504285390987428
4005.0,6.787956553868086
4011.0,5.306099051279918
4034.0,4.836411385393909
4038.0,6.522371194071149
4078.0,5.720703320597832
4136.0,5.6784869424906725
4151.0,5.024316774849628
4152.0,6.56635412976542
4160.0,6.000493942822179
4181.0,5.227734594923675
4185.0,5.227734594923675
4187.0,5.227734594923675
4196.0,6.899000740449335
4212.0,5.548897608942421
4218.0,5.342697505148975
4230.0,6.740343035798285
4243.0,6.008571151387678
4252.0,5.390210659115721
4263.0,7.237098964489782
4272.0,5.787512001129797
4275.0,6.829326935401149
4280.0,5.894507574165792
4284.0,6.563098726591653
4287.0,5.894507574165792
4294.0,6.697847006400582
4309.0,5.54688472645548
4321.0,6.989570844980329
4323.0,6.421048176755
4368.0,4.953664423059196
4377.0,6.7685798667875945
4384.0,5.682495451352639
4461.0,6.3005193826574395
4473.0,7.057919953039845
4486.0,6.74060756033428
4487.0,5.635948307062549
4493.0,6.736767133736343
4497.0,6.252221811048511
4500.0,6.99457535748614
4503.0,6.556498522439306
4505.0,5.359024432514014
4517.0,6.107451951231231
4522.0,6.613621718955563
4524.0,5.7383455509317844
4530.0,6.663311998937591
4554.0,6.397022311804755
4555.0,6.889638945953428
4564.0,7.25073039464257
4565.0,5.703814560189456
4567.0,6.484838617819167
4572.0,5.703814560189456
4575.0,7.112748319232607
4582.0,6.3578997259366385
4593.0,6.706334003112004
4611.0,6.99972537110929
4620.0,5.000938828243906
4625.0,5.766743985758342
4626.0,6.278777924701713
4631.0,5.982810427024259
4633.0,5.743319525656944
4654.0,7.207729851035894
4662.0,6.133995877760873
4669.0,7.374009287851148
4694.0,5.4518778852810925
4703.0,5.983657790818069
4704.0,5.972920427227644
4715.0,6.51237876978361
4726.0,5.249259978351348
4729.0,6.666388843888103
4732.0,7.423182401409506
4734.0,5.141887350072982
4763.0,5.892534195274338
4790.0,6.760416578753471
4823.0,6.413455813605771
4824.0,7.199853600274955
4825.0,6.123980729357581
4836.0,6.483496803677678
4846.0,6.79525815728993
4887.0,5.133821220480655
4897.0,6.9599812941103005
4915.0,7.033897409941087
4920.0,6.787595478670886
4935.0,5.558999711133475
4938.0,5.742783517562147
4943.0,5.558999711133475
4955.0,6.450887111867286
4957.0,6.751236610776711
4961.0,6.95012616085307
4977.0,7.120487482179521
4990.0,7.11825482619821
4994.0,5.339024426933191
5012.0,5.235236870426704
5031.0,6.665877101584766
5072.0,7.260708261334414
5077.0,5.1673735946388115
5080.0,6.004452710257833
5081.0,6.8950907368186805
5084.0,6.312033403893348
5091.0,7.4553542879990475
5092.0,7.4553542879990475
5112.0,6.212420444344094
5121.0,5.397283928421475
5127.0,5.0911523279673725
5133.0,5.553637567569251
5135.0,6.295210709964363
5137.0,7.091053214073945
5170.0,4.704787661379396
5187.0,5.984620393743406
5190.0,5.432705636960938
5198.0,5.20269629852944
5200.0,5.769019985983893
5201.0,6.213680875994357
5204.0,5.386882117590658
5237.0,7.20721035432901
5248.0,6.920827961857864
5253.0,5.89737135419755
5269.0,5.709027907695329
5273.0,5.182848043870731
5280.0,7.370562325297304
5288.0,7.370562325297304
5302.0,5.249577859340326
5307.0,5.146551071774113
5310.0,5.249577859340326
5311.0,5.608118889548559
5323.0,6.480794997280712
5325.0,6.3555055454792
5332.0,7.537662571428176
5338.0,5.733909172659997
5351.0,5.408473142092778
5365.0,5.345989073524537
5367.0,6.341020012345758
5370.0,6.0216857494974905
5377.0,6.942986823645596
5378.0,7.390779871722829
5392.0,5.761499165454522
5398.0,5.763834490119456
5413.0,6.172497837357622
5415.0,5.839601892894214
5427.0,6.544055961406832
5455.0,6.981394823713351
5471.0,4.971195949670831
5499.0,5.0721775968871095
5501.0,6.019989591181953
5516.0,5.280262803127259
5523.0,4.991442424171221
5529.0,6.567786549726603
5530.0,7.1905890649964705
5533.0,6.2183844328535125
5541.0,6.244503990182171
5550.0,5.414442989851126
5555.0,5.5037227952829815
5557.0,6.038522816815784
5583.0,7.607076129862825
5599.0,6.434662628990696
5607.0,5.5193036796064705
5636.0,5.104938779620499
5645.0,5.740777480879889
5649.0,5.702850892043828
5662.0,5.818639353229289
5673.0,5.397753839708454
5675.0,6.321202648385929
5680.0,5.710776932487518
5682.0,5.1299012018030385
5694.0,5.053223787106415
5705.0,5.739010938976804
5718.0,6.082465598961479
5720.0,5.795536450495192
5728.0,7.0406241163574155
5736.0,5.126512804550852
5737.0,5.788024020907726
5776.0,6.50391004634636
5799.0,6.87256374775717
5801.0,7.4685987654692285
5818.0,5.113652585287251
5823.0,7.209326019080668
5839.0,6.122115291994844
5840.0,6.4516160265805
5853.0,6.363256249673656
5859.0,6.422907204080516
5865.0,6.492114661932004
5873.0,5.666446016201539
5877.0,4.6726930290060205
5882.0,6.492608634821599
5894.0,5.877193938152225
5917.0,6.418309894177056
5918.0,7.222458258097768
5925.0,5.401184770594877
5933.0,5.556604583002459
5935.0,5.556604583002459
5938.0,5.620300484606227
5949.0,6.758875446675589
5953.0,6.387717912109457
5961.0,7.077567657332648
5966.0,5.853930097875096
5974.0,5.86646991082225
5994.0,5.992314130859144
6001.0,6.379005617485919
6009.0,5.34552744859553
6021.0,5.872655096237861
6031.0,6.5835275023287805
6035.0,6.248242892130405
6048.0,6.393754190475885
6050.0,5.418638213458021
6062.0,6.825323742129167
6067.0,6.700881466806819
6068.0,6.552009438315565
6079.0,7.353959356434044
6080.0,5.501094034779604
6093.0,6.377883883037039
6103.0,5.849803939909321
6112.0,6.191447318788566
6123.0,6.0729656615928915
6136.0,4.659411869823854
6156.0,5.435269309502402
6174.0,6.449707435423411
6175.0,6.059094723105599
6186.0,6.404465960131394
6188.0,6.676977674184085
6220.0,6.5870469771709805
6223.0,6.61188811709972
6224.0,4.980455667171763
6240.0,6.802999247525289
6256.0,6.52981822176874
6264.0,7.352927701832638
6287.0,5.26829289035368
6293.0,5.745607881570216
6300.0,5.417469078043006
6313.0,6.414953583475008
6314.0,5.839492426710691
6343.0,5.732885522466502
6348.0,5.588061069688293
6376.0,7.098069882985645
6383.0,6.072942449046817
6391.0,6.786438121110014
6392.0,5.469492602098366
6419.0,5.022986220809351
6439.0,7.030376377557989
6451.0,5.756787854279165
6486.0,5.520037069882874
6495.0,6.636261412228021
