test_index,y_pred
12.0,4.001725337447645
19.0,4.2168094976270565
37.0,3.9402989329718965
46.0,4.508907942331178
48.0,4.263380958015329
56.0,4.392936359792062
59.0,4.449677040212386
69.0,4.4377076726992355
73.0,4.884827533938228
74.0,4.616750068590705
75.0,4.72135404196371
77.0,4.405283381370666
108.0,4.897000000000001
111.0,4.811094905114013
116.0,4.692999999999995
117.0,5.469000000000002
131.0,4.983000000000004
136.0,4.574499183045537
153.0,4.91261710359613
160.0,5.8249999999999975
161.0,5.854999999999998
162.0,5.421557448486493
181.0,5.268000000000004
187.0,5.146000000000004
201.0,5.343000000000002
204.0,4.60165516347669
208.0,5.085903317947076
210.0,5.0551878800906405
219.0,4.985091356655288
220.0,5.216000000000001
226.0,4.940788096643811
227.0,4.897432410756577
233.0,6.209999999999996
249.0,5.422999999999995
259.0,6.281999999999998
313.0,5.369000000000002
318.0,6.020189087137714
348.0,6.993384425020571
355.0,5.996999999999996
376.0,5.796413811432667
400.0,6.406999999999999
417.0,6.052999999999998
425.0,5.740999999999996
431.0,6.101000000000002
436.0,6.1019999999999985
468.0,5.968999999999995
472.0,6.3389999999999995
475.0,6.744999999999999
490.0,6.442000000000002
499.0,5.723999999999998
504.0,7.016000000000003
535.0,6.373000000000001
541.0,6.150999999999995
546.0,6.369000000000001
547.0,6.552
555.0,5.724999999999997
565.0,6.525000000000001
568.0,6.205999999999998
572.0,6.592
581.0,6.364000000000001
582.0,6.357999999999992
586.0,6.681999999999995
595.0,6.259000000000002
601.0,6.329999999999999
611.0,5.78
622.0,5.841
627.0,6.309000000000003
631.0,6.382
640.0,6.269999999999993
659.0,5.417999999999998
697.0,6.506646199098379
709.0,6.474000000000005
723.0,6.715999999999995
727.0,6.020000000000003
730.0,6.357999999999996
734.0,6.265999999999995
739.0,6.326000000000002
740.0,6.325000000000001
761.0,6.478
762.0,6.6530000000000005
765.0,6.345999999999999
768.0,6.317999999999997
771.0,6.831999999999999
774.0,6.2490000000000006
787.0,7.225000000000003
794.0,7.076000000000002
811.0,6.507000000000001
818.0,7.083000000000002
823.0,7.181
833.0,5.961
849.0,6.960000000000001
852.0,6.771
867.0,6.873999999999998
868.0,6.860999999999998
871.0,6.035000000000001
878.0,7.87595048320912
879.0,7.514000000000003
905.0,6.944999999999996
909.0,7.283000000000003
940.0,6.790000000000001
949.0,6.9949999999999966
972.0,7.5429999999999975
976.0,7.039999999999997
985.0,7.333000000000001
990.0,7.084999999999997
1001.0,8.865566464499134
1028.0,7.369999999999994
1044.0,7.208999999999998
1047.0,7.074
1053.0,7.050999999999999
1068.0,7.136999999999996
1073.0,6.912000000000002
1077.0,7.325999999999993
1108.0,6.875999999999996
1110.0,8.280999999999997
1115.0,7.335000000000003
1120.0,8.607147090025569
1132.0,8.27351594847773
1139.0,7.4147582334455375
1151.0,7.936999999999994
1152.0,7.480999999999997
1159.0,7.428
1174.0,7.473999999999995
1176.0,7.343999999999999
1193.0,7.251000000000001
1205.0,7.415119497348309
1220.0,7.703999999999999
1222.0,8.313188995820303
1235.0,8.050999999999993
1247.0,8.443999999999997
1248.0,7.4529999999999985
1250.0,8.753346698620879
1263.0,7.227000000000001
1314.0,8.95130040895425
1320.0,8.546
1334.0,8.33157390730455
1345.0,8.475999999999997
1365.0,8.23665898655239
1400.0,8.489038516308204
1431.0,7.843999999999999
1432.0,7.99
1450.0,8.452999999999998
1452.0,7.8779999999999974
1460.0,7.824999999999999
1471.0,8.597811542716997
1476.0,9.025185972956013
1481.0,7.689000000000001
1487.0,9.971769685687164
1504.0,10.565108432135398
1508.0,8.526791750166145
1509.0,8.756999999999989
1516.0,9.565994452509328
1519.0,9.710555301947354
1533.0,8.677661887346739
1540.0,8.540999999999995
1546.0,8.936169046422108
1556.0,8.979
1566.0,6.91242280093111
1576.0,10.062519662572198
1586.0,8.744000000000002
1597.0,8.94299999999999
1599.0,9.463427259939943
1610.0,8.848999999999995
1614.0,9.207932671264507
1619.0,10.531629626907204
1629.0,7.822999999999999
1630.0,9.411579839586585
1636.0,10.557870226317014
1649.0,9.362049721323121
1650.0,10.55943312835635
1657.0,10.25475462511739
1673.0,10.12396168498508
1674.0,10.482146811849132
1680.0,10.151629003237192
1704.0,9.716225595778681
1754.0,13.676061417659842
