test_index,y_pred
1.0,0.8576999999999998
3.0,1.9575
5.0,3.296700000000004
8.0,5.847700000000004
14.0,11.598400000000012
31.0,5.410599999999999
38.0,12.693800000000001
49.0,30.059999999999995
50.0,3.3929000000000014
52.0,4.366300000000004
62.0,14.784199999999988
63.0,16.583400000000008
79.0,7.992799999999992
82.0,10.981699999999998
101.0,8.248299999999995
102.0,9.036299999999997
112.0,22.262599999999978
115.0,27.025399999999994
121.0,42.599599999999946
125.0,10.913000000000006
129.0,14.140199999999982
140.0,31.614499999999975
160.0,28.10919999999996
163.0,35.220400000000005
164.0,37.87039999999999
173.0,62.82089999999997
177.0,19.065000000000012
181.0,25.728500000000004
193.0,53.42980000000003
240.0,62.678300000000064
248.0,98.12671842394178
280.0,5.306299999999996
284.0,9.187400000000006
300.0,3.6194999999999964
311.0,14.561599999999993
315.0,20.936099999999993
326.0,6.104299999999995
336.0,17.709799999999984
339.0,22.054999999999996
353.0,11.132199999999997
360.0,19.6644
374.0,53.25899999999999
377.0,13.24390000000001
388.0,31.135900000000024
399.0,60.314499999999946
407.0,25.576299999999996
410.0,30.356099999999973
413.0,36.9189
425.0,19.23879999999999
434.0,34.381799999999956
450.0,24.63359999999999
455.0,33.08739999999998
457.0,37.66160000000001
473.0,88.38773721942192
494.0,83.51705305394556
497.0,94.00546580040573
506.0,5.537399999999998
533.0,32.87240000000001
547.0,11.219799999999996
563.0,27.461300000000023
568.0,33.460499999999975
586.0,15.348299999999993
587.0,16.855800000000002
590.0,20.045800000000007
605.0,37.32950000000003
624.0,19.83759999999999
627.0,24.463300000000014
628.0,25.119199999999992
630.0,26.953899999999987
633.0,30.702300000000022
635.0,33.201399999999964
637.0,36.10109999999998
638.0,37.651399999999995
662.0,25.389800000000005
679.0,51.4428
683.0,58.15599999999989
691.0,19.842900000000007
696.0,27.633099999999995
721.0,71.08629999999992
725.0,20.581399999999967
732.0,33.03160000000003
735.0,36.37710000000005
746.0,58.32160000000005
747.0,59.013500000000086
749.0,64.33420000000002
751.0,68.86949999999996
772.0,45.54080000000001
785.0,74.27990000000004
790.0,88.59863306237838
795.0,103.9120505273347
800.0,37.62830000000001
807.0,53.40919999999999
811.0,61.595000000000006
824.0,98.34256256115071
836.0,43.624500000000005
853.0,86.0047800104253
859.0,106.13387656895864
867.0,137.2888160268513
876.0,7.301500000000002
884.0,16.749300000000005
893.0,28.610800000000022
894.0,30.212599999999973
896.0,31.232999999999965
905.0,6.386500000000003
914.0,18.605
923.0,31.341600000000014
932.0,3.9098999999999977
933.0,4.5402
935.0,7.121200000000007
961.0,45.43020000000001
970.0,15.51810000000001
977.0,27.149399999999982
993.0,52.870899999999985
996.0,12.3349
999.0,17.416800000000016
1007.0,31.326999999999995
1008.0,33.480799999999974
1015.0,50.771099999999976
1022.0,63.41700000000005
1032.0,26.8785
1039.0,42.35119999999998
1056.0,21.557400000000026
1059.0,26.302500000000013
1072.0,56.59630000000003
1078.0,78.01099999999994
1094.0,44.4612
1111.0,98.21475927886628
1128.0,59.93549999999995
1163.0,87.15000000000009
1243.0,21.600099999999987
1253.0,42.098099999999974
1254.0,42.8553
1261.0,12.10399999999999
1262.0,12.9775
1270.0,30.195099999999996
1276.0,46.942599999999985
1302.0,58.78869999999994
1317.0,34.62440000000001
1320.0,42.77480000000002
1324.0,56.48040000000001
1328.0,69.34660000000005
1335.0,26.05689999999999
1337.0,30.41519999999998
1342.0,44.2525
1346.0,55.219800000000056
1358.0,28.409299999999984
1364.0,41.797299999999986
1367.0,52.14140000000003
1368.0,57.179300000000076
1373.0,72.50669999999995
1378.0,95.82093122778937
1385.0,40.73860000000001
1393.0,66.30120000000002
1402.0,105.40766683109156
1411.0,51.85989999999999
1448.0,22.96210000000001
1454.0,36.956200000000024
1474.0,31.206899999999987
1476.0,37.47770000000002
1489.0,15.18629999999999
1514.0,19.753900000000005
1516.0,22.970399999999977
1533.0,14.748999999999992
1542.0,31.432999999999975
1546.0,42.62190000000006
1565.0,33.29580000000002
1579.0,78.79570000000004
1591.0,44.8964
1593.0,51.594599999999986
1606.0,27.376300000000025
1623.0,78.17959999999987
1624.0,87.15889999999997
1630.0,31.59030000000001
1641.0,64.26079999999997
1655.0,37.42200000000001
1680.0,0.07840000000000003
1697.0,15.090400000000011
1707.0,2.7172000000000014
1713.0,7.143400000000003
1722.0,18.489699999999985
1735.0,6.869199999999999
1743.0,15.972100000000012
1761.0,9.889499999999993
1769.0,20.315400000000007
1776.0,34.52490000000004
1802.0,44.276699999999956
1807.0,12.248000000000005
1819.0,31.1082
1820.0,32.53280000000002
1829.0,53.96900000000001
1847.0,44.26760000000002
1853.0,61.15086750308511
1867.0,37.2721
1871.0,47.296500000000016
1873.0,52.15930000000004
1874.0,59.0751
1882.0,23.9214
1889.0,38.42210000000004
1913.0,42.23339999999999
1916.0,50.84429999999995
1921.0,64.32230000000003
1923.0,71.1251
1942.0,11.7009
1957.0,3.631799999999999
1959.0,5.156100000000004
1967.0,14.505800000000006
1968.0,15.750499999999999
1970.0,18.757299999999997
1976.0,29.820199999999982
1984.0,7.051600000000005
2002.0,36.28750000000001
2020.0,27.820499999999985
2021.0,30.611400000000003
2025.0,39.13030000000003
2027.0,43.643400000000014
2034.0,12.982599999999998
2049.0,46.20139999999999
2050.0,49.580199999999984
2051.0,50.769599999999954
2056.0,13.128499999999995
2077.0,59.81780000000003
2080.0,17.184099999999997
2084.0,23.0956
2097.0,54.78099999999993
2101.0,67.36569999999992
2109.0,29.154899999999994
2112.0,34.675200000000025
2122.0,61.91839999999999
2137.0,40.90550000000002
2171.0,83.0994887948906
2173.0,89.51773409239924
2190.0,9.951699999999999
2192.0,13.418599999999987
2200.0,27.107500000000005
2203.0,33.53570000000001
2214.0,12.789100000000003
2215.0,14.470099999999997
2231.0,5.460299999999998
2247.0,31.28279999999997
2267.0,26.06239999999999
2293.0,33.43140000000001
2294.0,35.84789999999998
2295.0,38.3097
2301.0,56.516099999999966
2307.0,18.314199999999985
2308.0,20.35
2315.0,31.99680000000002
2323.0,51.865099999999984
2325.0,58.77849999999995
2342.0,44.58859999999998
2344.0,50.02790000000002
2356.0,25.905900000000003
2359.0,33.60229999999996
2369.0,58.90990000000008
2385.0,42.46690000000003
2387.0,47.450500000000005
2398.0,81.58737414952327
2408.0,43.48369999999999
2430.0,3.0989000000000018
2453.0,31.828500000000027
2454.0,31.949300000000015
2466.0,8.488900000000003
2478.0,25.77019999999998
2479.0,26.93639999999999
2489.0,36.010599999999975
2493.0,6.325800000000004
2498.0,12.38489999999999
2501.0,16.562899999999992
2505.0,22.699699999999993
2512.0,33.823299999999975
2519.0,39.254499999999965
2525.0,10.850599999999993
2531.0,18.616500000000016
2534.0,22.993999999999964
2541.0,35.96280000000002
2608.0,59.72689999999993
2610.0,62.1557999999999
2611.0,63.85929999999991
2614.0,68.94560000000004
2623.0,32.657100000000014
2624.0,34.96220000000001
2638.0,69.48109999999997
2645.0,83.98519831769553
2662.0,61.25750000000004
2671.0,81.74498858749169
2680.0,34.558200000000056
2683.0,42.65889999999999
2684.0,44.0947
2692.0,67.64879999999992
2706.0,106.15770008959674
2712.0,43.74449999999998
2721.0,71.566
2751.0,7.019899999999995
2753.0,8.987300000000015
2767.0,24.4325
2774.0,32.41979999999998
2789.0,5.434699999999998
2791.0,7.033099999999996
2808.0,23.44269999999999
2811.0,26.936700000000002
2831.0,8.976299999999993
2834.0,11.062899999999992
2841.0,16.367100000000015
2848.0,23.292199999999983
2864.0,5.613100000000002
2872.0,11.4167
2894.0,31.758400000000005
2913.0,14.700399999999988
2957.0,20.1459
2974.0,41.67620000000002
2988.0,15.821699999999986
2994.0,21.3715
3001.0,30.127699999999972
3010.0,41.57289999999998
3020.0,62.739000000000054
3031.0,23.116800000000012
3035.0,28.293099999999985
3042.0,38.61499999999995
3051.0,55.381199999999936
3065.0,96.70389219891342
3086.0,50.398700000000005
3090.0,58.04520000000005
3099.0,82.94075060645342
3112.0,29.262999999999984
3119.0,38.371500000000026
3141.0,105.78029282238413
3143.0,115.07425909180802
3150.0,-1.6170000000000024
3154.0,1.2678999999999994
3155.0,2.830500000000001
3156.0,3.9227
3168.0,17.72640000000001
3169.0,19.179900000000007
3173.0,23.563200000000002
3193.0,1.7117000000000007
3197.0,5.821900000000002
3210.0,20.277900000000017
3213.0,23.198399999999996
3224.0,35.814599999999984
3236.0,6.269500000000005
3252.0,23.718799999999973
3255.0,27.36149999999999
3274.0,6.736300000000003
3275.0,7.514699999999998
3296.0,31.826799999999967
3299.0,35.45859999999997
3307.0,47.44860000000004
3318.0,12.929200000000007
3326.0,21.8687
3330.0,27.510500000000008
3331.0,28.999200000000005
3335.0,34.510199999999976
3355.0,14.086100000000018
3371.0,33.15319999999996
3378.0,45.06419999999997
3387.0,62.31729999999996
3415.0,46.760399999999976
3421.0,57.74670000000009
3434.0,91.38211996879876
3453.0,52.264100000000035
3456.0,60.925500000000014
3461.0,76.02132194164138
3465.0,86.9033223747443
3487.0,43.080500000000036
3502.0,83.04594952354506
3509.0,104.53503675005531
3518.0,132.53017318945302
3521.0,32.0678
3530.0,55.54349999999996
3546.0,108.8894168150172
3585.0,33.65459999999999
3591.0,44.178699999999935
3600.0,61.34410000000006
3610.0,10.172000000000004
3624.0,30.266700000000014
3647.0,9.541199999999996
3652.0,15.704900000000016
3656.0,19.540399999999977
3668.0,34.65919999999997
3678.0,52.20540000000008
3679.0,53.53090000000002
3702.0,28.956900000000022
3716.0,52.258399999999945
3721.0,59.396900000000066
3733.0,23.784800000000015
3745.0,39.62509999999998
3774.0,29.889200000000002
3780.0,39.29599999999998
3797.0,70.56200000000008
3800.0,82.10889999999993
3813.0,33.411899999999974
3819.0,45.19279999999997
3821.0,50.072200000000024
3838.0,94.86480047641379
3847.0,29.75959999999999
3850.0,35.03629999999997
3859.0,54.22010000000007
3860.0,57.17630000000004
3865.0,70.3364
3889.0,33.53120000000003
3891.0,38.75859999999999
3892.0,40.5278
3894.0,45.14840000000001
3907.0,89.46229999999987
3910.0,100.10553238390197
3922.0,149.08647445190527
3934.0,49.77690000000004
3956.0,141.21409502209096
3958.0,154.0468835193993
3975.0,5.9643000000000015
3993.0,31.034300000000048
4024.0,25.121299999999987
4048.0,9.214399999999992
4054.0,17.95190000000001
4057.0,21.564700000000002
4061.0,28.70549999999998
4064.0,33.6258
4073.0,47.43679999999997
4081.0,6.618899999999993
4101.0,39.7301
4111.0,57.17770000000003
4117.0,70.96140000000003
4119.0,11.018899999999999
4128.0,25.578000000000003
4131.0,32.15260000000001
4147.0,67.72360000000005
4148.0,72.03030000000008
4154.0,88.76924229050857
4168.0,39.39459999999996
4189.0,97.08572086483444
4191.0,109.4625063342995
4199.0,34.98520000000002
4203.0,45.089799999999975
4204.0,48.47329999999998
4216.0,78.14329999999991
4220.0,90.0673400876232
4245.0,66.06850000000009
4249.0,81.62659160620204
4251.0,87.02573595818338
4269.0,48.24980000000001
4283.0,91.50945692939837
4285.0,97.15369005640444
4296.0,137.5940585806955
4307.0,59.63110000000008
4315.0,85.93974094805908
4318.0,96.0860466930018
4328.0,139.64719459341205
4342.0,-1.3967
4349.0,11.59089999999999
4359.0,29.65279999999999
4361.0,35.46840000000001
4386.0,9.206600000000007
4391.0,17.368200000000023
4393.0,21.73130000000001
4400.0,34.824
4407.0,48.485199999999956
4408.0,50.21749999999998
4425.0,14.020299999999997
4429.0,19.532499999999988
4450.0,54.96079999999998
4451.0,57.332200000000014
4467.0,22.599500000000003
4476.0,34.70849999999997
4482.0,44.83959999999999
4494.0,70.00419999999998
4531.0,72.73760000000006
4547.0,36.12030000000004
4555.0,46.089299999999994
4580.0,118.81440769933457
4585.0,133.0633189405458
4589.0,45.99830000000008
4599.0,64.68620000000008
4622.0,155.2635337765195
4633.0,57.65059999999994
4635.0,62.18340000000008
4638.0,69.91830000000002
4642.0,79.80389999999996
4645.0,90.18826243616664
4648.0,110.17923722497802
4654.0,134.14972867832003
4666.0,206.52983761963569
4684.0,105.07562983326447
4686.0,106.04313774111876
4699.0,190.58198220119903
4702.0,209.03416018169116
4711.0,-1.7457999999999998
4726.0,11.787699999999996
4743.0,28.739100000000022
4744.0,29.799699999999987
4745.0,30.872799999999966
4754.0,2.2554000000000003
4755.0,2.963900000000001
4779.0,23.236600000000017
4787.0,31.436100000000025
4791.0,2.2173999999999996
4800.0,7.8767999999999985
4809.0,13.793400000000002
4813.0,17.051599999999993
4822.0,25.60639999999998
4823.0,26.721099999999996
4826.0,29.58550000000002
4829.0,32.482800000000026
4839.0,8.521799999999994
4860.0,26.41160000000001
4891.0,20.850100000000026
4896.0,25.666899999999995
4899.0,29.205399999999994
4940.0,34.88990000000005
4960.0,16.76140000000001
4967.0,23.39139999999998
4972.0,28.31089999999999
4977.0,36.47279999999998
5017.0,45.126300000000036
5029.0,73.19479999999997
5032.0,81.93439999999995
5034.0,88.4203895237608
5041.0,24.062900000000017
5054.0,41.62820000000004
5070.0,81.94259999999993
5090.0,39.79089999999996
5098.0,55.81999999999998
5128.0,10.980699999999999
5132.0,13.775
5137.0,18.7692
5140.0,21.675499999999985
5144.0,25.581299999999995
5152.0,33.67130000000004
5156.0,0.9872000000000003
5194.0,2.9163000000000006
5195.0,4.2158999999999995
5208.0,18.615399999999998
5213.0,24.616799999999976
5250.0,28.073799999999995
5258.0,38.45359999999997
5270.0,11.041799999999997
5279.0,21.887099999999997
5295.0,46.089699999999965
5297.0,49.70329999999994
5304.0,11.880599999999994
5310.0,19.481500000000004
5325.0,41.82220000000003
5332.0,55.0283
5333.0,57.06860000000003
5343.0,19.441099999999985
5349.0,27.994300000000006
5358.0,43.99409999999993
5372.0,71.78980000000001
5381.0,27.37839999999999
5385.0,33.7696
5406.0,77.2669
5418.0,36.70389999999999
5420.0,39.13159999999997
5426.0,52.54210000000002
5440.0,83.3998941855169
5474.0,89.53283617527582
5499.0,14.2445
5512.0,32.6683
5514.0,34.51929999999996
5537.0,16.930100000000007
5543.0,25.11519999999999
5553.0,37.00379999999998
5562.0,49.75810000000002
5567.0,8.121600000000006
5573.0,17.124599999999983
5590.0,40.60829999999997
5594.0,47.29339999999998
5603.0,9.592900000000004
5612.0,23.054199999999977
5627.0,46.97560000000001
5632.0,56.411399999999986
5636.0,62.70620000000006
5642.0,17.858999999999998
5651.0,32.97870000000001
5687.0,37.624599999999965
5699.0,60.787400000000055
5706.0,78.25700000000006
5722.0,41.87120000000001
5732.0,65.58320000000002
5737.0,77.96169999999998
5750.0,33.219399999999965
5753.0,38.88709999999998
5757.0,48.28569999999998
5765.0,69.11130000000009
5771.0,88.32580000000011
5775.0,102.6204486104194
5780.0,115.03020117966604
5790.0,51.98979999999999
5809.0,105.71465215602959
5810.0,109.16747800075909
5831.0,72.38890000000006
5836.0,85.42060000000001
5842.0,109.23993444486605
5855.0,164.22017737309096
5870.0,19.5999
5872.0,21.541800000000002
5873.0,22.35140000000001
5874.0,24.357899999999994
5876.0,28.680800000000012
5878.0,31.421000000000003
5879.0,32.844899999999996
5886.0,45.197899999999954
5887.0,47.1979
5888.0,49.03740000000003
5893.0,57.898700000000005
5901.0,10.149500000000002
5930.0,61.89409999999996
5957.0,47.4466
5960.0,52.07809999999998
5961.0,53.42139999999997
5962.0,56.23569999999999
6007.0,10.108799999999997
6010.0,15.308100000000026
6037.0,82.98868302930491
6046.0,19.393899999999977
6049.0,25.06479999999999
6052.0,31.277200000000036
6053.0,33.5695
6057.0,44.94
6068.0,77.59989999999992
6075.0,100.41949717873469
6110.0,107.22968360311432
6118.0,38.10640000000008
6129.0,63.875099999999975
6145.0,119.08337102372239
6148.0,135.85627344638067
6166.0,85.49296228740194
6189.0,179.8267291444199
6239.0,6.327599999999995
6242.0,8.309999999999997
6254.0,3.8824
6266.0,11.965299999999996
6289.0,3.604599999999995
6294.0,8.386900000000006
6313.0,9.959200000000008
6320.0,19.565299999999983
6322.0,22.845399999999994
6330.0,10.445399999999996
6332.0,13.315199999999988
6333.0,15.508199999999988
6342.0,31.0114
6345.0,5.907600000000003
6347.0,8.413699999999988
6363.0,7.859200000000013
6370.0,17.63859999999999
6397.0,39.6942
6406.0,2.2086000000000015
6418.0,7.44949999999999
6419.0,8.100999999999994
6423.0,9.641600000000004
6426.0,11.077000000000004
6436.0,14.907700000000004
6437.0,0.2529
6444.0,3.2546999999999997
6451.0,6.001200000000003
6456.0,8.694899999999992
6462.0,11.068200000000001
6481.0,4.082699999999997
6483.0,4.985399999999995
6487.0,6.828400000000007
6504.0,15.533599999999993
6509.0,18.47090000000001
6513.0,2.080099999999998
6515.0,2.8461000000000003
6544.0,19.087200000000017
6545.0,19.756600000000013
6557.0,7.679499999999994
6561.0,9.556500000000007
6597.0,10.360199999999994
6598.0,10.843699999999991
6599.0,11.28339999999999
6600.0,12.556199999999988
6601.0,13.434899999999994
6612.0,21.800200000000007
6623.0,7.170799999999996
6684.0,29.52150000000004
6686.0,31.54720000000002
6688.0,34.52669999999996
6706.0,19.96009999999999
6714.0,27.36639999999998
6733.0,17.268800000000013
6786.0,1.7739000000000003
6792.0,10.048400000000008
6795.0,14.258200000000004
6796.0,15.578499999999988
6809.0,16.837300000000024
6833.0,12.730100000000025
6841.0,29.6159
6883.0,40.807799999999986
6887.0,56.35929999999999
6898.0,48.635499999999965
6910.0,6.959500000000002
6912.0,9.996999999999995
6913.0,11.316099999999995
6915.0,14.082000000000004
6943.0,15.255500000000001
6947.0,22.69630000000001
6959.0,20.854199999999988
6962.0,27.34749999999997
6974.0,25.485699999999973
6977.0,33.14789999999994
6999.0,23.67840000000001
7000.0,26.36749999999998
7011.0,22.084299999999995
7016.0,35.260800000000025
7023.0,62.119699999999966
7032.0,45.578500000000005
7033.0,48.699199999999976
7045.0,6.907600000000005
7055.0,20.913899999999977
7072.0,17.543099999999985
7080.0,3.0328999999999993
7082.0,5.6521000000000035
7090.0,19.21250000000001
7096.0,29.58459999999999
7117.0,38.14230000000004
7150.0,34.17410000000006
7153.0,43.54630000000001
7159.0,59.631200000000035
7185.0,32.156799999999976
7196.0,71.19210000000005
7208.0,47.96659999999997
7213.0,71.89269999999999
7214.0,75.8389000000001
7225.0,6.600000000000005
7230.0,14.532600000000011
7244.0,5.871699999999999
7247.0,10.072000000000003
7276.0,29.9446
7279.0,33.845400000000005
7287.0,16.546000000000006
7309.0,24.740399999999994
7336.0,49.868400000000065
7341.0,17.48159999999998
7343.0,21.742900000000013
7347.0,31.337899999999987
7349.0,37.19710000000004
7352.0,46.275099999999945
7358.0,63.85669999999992
7386.0,41.167299999999976
7399.0,92.08940000000001
