test_index,y_pred
1.0,-0.7679602916219165
13.0,-0.5895781161767326
23.0,-0.8308245819603131
27.0,-0.7881645060295286
36.0,-0.7654075895914084
37.0,-0.6165032335409133
40.0,-0.9352767050442116
50.0,-0.821384771703963
79.0,-0.8901083080437704
80.0,-1.0078499542481005
88.0,-0.5056472990224326
91.0,-0.6700948003667716
93.0,-0.5994902296118987
126.0,-0.716428707316913
132.0,-0.6420590075666257
156.0,-0.7695801315385897
167.0,-0.574587030421575
190.0,-0.5308472973455005
198.0,-0.7659716451573035
208.0,-0.31993377064166156
230.0,-0.05607080365959832
233.0,-0.32132875778124254
239.0,-0.4630312994734864
263.0,-0.4805120644798244
281.0,-0.7728735619340134
296.0,-0.8523084273351931
308.0,-0.7565333641350693
318.0,-0.6911410562792956
324.0,-1.1012776650729013
342.0,-0.7838166493452482
346.0,-0.8118009050576757
361.0,-0.9067160466413461
377.0,-0.9583436967876444
378.0,-0.879521533016971
388.0,-0.9321628591676856
393.0,-0.7707491499624876
401.0,-0.9719067342242502
425.0,-0.8208834214382671
432.0,-0.9107952896051178
441.0,-0.9817428007270241
469.0,-0.8466086007497821
472.0,-0.5044825140656222
481.0,-0.8955207129826508
491.0,-0.9619522243599111
496.0,-0.747828537641979
501.0,-0.8708504841763686
506.0,-0.5302864523951425
511.0,-0.8293775977271914
534.0,-0.08012166630447543
535.0,-0.284455171653514
537.0,-0.15945207495522823
538.0,-0.36633724992146877
544.0,-0.1231670632190842
561.0,-0.5106853967212254
576.0,-0.5318858032315513
591.0,-0.5231276044301947
599.0,-0.48456705142404155
616.0,-0.6104161580022314
646.0,-0.5070075789881711
651.0,-0.4925117812329849
675.0,-0.5239230638673912
686.0,-0.6025847921513673
688.0,-0.5938456040792676
704.0,-0.4512784649648379
705.0,-0.5043076478211165
706.0,-0.6008830945169646
723.0,-0.42858495574453154
729.0,-0.530428502338494
736.0,-0.47745680784633543
747.0,-0.5147246861239041
756.0,-0.4638454945680759
763.0,-0.4740096648361339
764.0,-0.4818848408298624
766.0,-0.5913696718893688
787.0,-0.4682813139117104
794.0,-0.5281234568024924
800.0,-0.5043081806679535
811.0,-0.2769987758217907
812.0,-0.4632488033430617
813.0,-0.44016203290540185
819.0,-0.4387888422689689
823.0,-0.2698833479847171
846.0,-0.2505925583438971
852.0,-0.5252761905733324
878.0,-0.5825716111539175
895.0,-0.37299024136919345
920.0,-0.5562004494936285
921.0,-0.36486037540898747
923.0,-0.5445127783288354
932.0,-0.36876332688169294
940.0,-0.167324455858387
964.0,-0.6305408044275014
970.0,-0.7012787670728008
986.0,-0.49789282176858163
1012.0,-0.7544186760555648
1013.0,-0.7425978255469701
1018.0,-0.8021840795976953
1038.0,-0.7802963535728561
1044.0,-0.738652128426563
1046.0,-0.6745155169833176
1056.0,-0.7569973529466043
1057.0,-0.6214094174030845
1060.0,-0.5921004044738952
1084.0,-0.7527342398583255
1090.0,-0.5720548706077705
1100.0,-0.48196333781451245
1101.0,-0.7009579012465565
1122.0,-0.5808156772123472
1125.0,-0.6433407046204662
1139.0,-0.4735048107283177
1153.0,-0.23106785825319726
1160.0,-0.7217781332096788
1176.0,-0.7529232944074744
1181.0,-0.5517988082801822
1188.0,-0.50996862699035
1190.0,-0.48704796841626846
1192.0,-0.4994284602328525
1197.0,-0.4944471104782809
1199.0,-0.2947099338258472
1219.0,-0.31176940608583853
1232.0,-0.5271901947148617
1242.0,-0.23921067838408816
1248.0,-0.3523152774327385
1254.0,-0.24298372896330528
1261.0,-0.1291279625009485
1268.0,-0.5408466742536402
1273.0,-0.5207884940617789
1280.0,-0.3630359540369898
1297.0,-0.3546364452501244
1300.0,-0.357685655257186
1311.0,-0.30527909499818084
1315.0,-0.28070802861261607
1318.0,-0.34734360808167414
1321.0,-0.25255583421677896
1344.0,-0.38339745509063633
1345.0,-0.36325987082658523
1360.0,-0.21450080524581414
1365.0,-0.7640902115475542
1376.0,-0.645748069460952
1400.0,-0.6025502703707226
1421.0,-0.6432582494685889
1426.0,-0.495662479808505
1429.0,-0.28688494808888526
1430.0,-0.8234726586353003
1483.0,-0.33916112199688764
1487.0,-0.49838718648376484
1499.0,-0.5006846021833374
1507.0,-0.44817952456149895
1520.0,-0.6754990845833888
1531.0,-0.284473487913686
1559.0,-0.4906010464984159
1570.0,-0.1826502467075109
1586.0,-0.1870212915936921
1596.0,-0.24231407744088845
1612.0,-0.07555052507031268
1615.0,-0.04180486109402271
1634.0,-0.43817977860575963
1649.0,-0.38419444557279037
1655.0,-0.24194862833966688
1667.0,-0.4844776995098513
1685.0,-0.48443559695684724
1709.0,-0.5820797046923283
1715.0,-0.042474713497466524
1734.0,-0.49944227444116934
1761.0,-0.48347369166071724
1782.0,-0.5928410311272166
1783.0,-0.8152197071658439
1794.0,-0.7413717766106187
1796.0,-0.7312477554275264
1801.0,-0.5831129145449043
1803.0,-0.6087496077149183
1804.0,-0.6747074605956805
1811.0,-0.31809391465073106
1831.0,-0.5194792135901724
1832.0,-0.6104676450688675
1851.0,-0.6539611237942498
1853.0,-0.8149218984509113
1860.0,-1.0033877469920496
1867.0,-1.1738636513638618
1872.0,-0.7727853814560749
1886.0,-0.9281123836928934
1906.0,-0.7948860469700079
1922.0,-0.958693275321381
1934.0,-0.9796656066184001
1940.0,-0.6502632887614272
1954.0,-0.28074401857443165
1969.0,-0.37319055264244816
1971.0,-0.18194717566950605
1974.0,-0.21614449442967754
1992.0,-0.14025799895855104
2000.0,-0.3016609353358096
2023.0,-0.5959839229668628
2024.0,-0.5156371403984431
2025.0,-0.6070627269264033
2045.0,-0.6527899366682003
2069.0,-0.6937822433593043
2080.0,-0.5894779236025228
2081.0,-0.5688914076774506
2094.0,-0.6161562747807747
2104.0,-0.642491954470309
2105.0,-0.5246658316356609
2106.0,-0.7669057895482321
2112.0,-0.8286944324025728
2114.0,-0.6088741048049775
2115.0,-0.6044006489499867
2119.0,-0.6443643850785304
2132.0,-0.6960689839571002
2142.0,-0.6472695721194016
2167.0,-0.5753817743430252
2171.0,-0.47314531541201404
2182.0,-0.29991876181316224
2187.0,-0.5083523743782061
2189.0,-0.5188141536482901
2192.0,-0.4789209302465263
2200.0,-0.47926063631941984
2206.0,-0.7116078645974951
2219.0,-0.7364913974978424
2243.0,-0.7190067353623887
2255.0,-0.831644391814065
2261.0,-0.6858450345087612
2264.0,-0.7695082238778836
2269.0,-0.6322655107612156
2288.0,-1.0275216701654195
2296.0,-0.792990833134615
2302.0,-0.8472301116287391
2303.0,-1.2046175461874253
2304.0,-0.8345114657113263
2322.0,-0.9693476106030375
2332.0,-0.23932071005975544
2333.0,-0.05522224259040151
2359.0,-0.05205574658588101
2377.0,-0.18338435823571672
2388.0,-0.5238639484730002
2394.0,-0.7728991481874775
2407.0,-0.7945048575764931
2410.0,-0.6899375735230057
2417.0,-0.6791778469655355
2425.0,-0.6609755179635525
2441.0,-0.6956022098001449
2464.0,-0.8083687146617647
2520.0,-0.6627217522256811
2524.0,-0.6109159169330007
2528.0,-0.5809332399549705
2538.0,-0.6217026965071045
2547.0,-0.22015811106601496
2548.0,-0.6837177553520313
2551.0,-0.7397760871809937
2599.0,-0.2675709012671425
2600.0,-0.7537206875507348
2604.0,-0.7783843952756844
2608.0,-0.5766709337501958
2612.0,-0.7378298577603293
2620.0,-0.4844176013610743
2633.0,-0.7270124300224972
2637.0,-0.5935116435055983
2640.0,-0.4979989349065903
2650.0,-0.7681101578399371
2664.0,-0.05842842916732745
2674.0,-0.5899444727456723
2677.0,-0.4880216589509166
2682.0,-0.7421626887718661
2683.0,-0.6921911494812385
2689.0,-1.2156948167017045
2701.0,-0.33519918240588753
2718.0,-0.7603143120079073
2730.0,-0.9893681903387703
2735.0,-0.6747967870080086
2738.0,-0.685548585655008
2770.0,-0.4330869146876916
2773.0,-0.5388466423223753
2775.0,-0.2656527162283389
2777.0,-0.3909122687191629
2780.0,-0.5404729372498608
2787.0,-0.6653150981906664
2794.0,-0.729967229287378
2802.0,-0.860165443213391
2808.0,-0.797158786770868
2810.0,-0.6865896889656835
2824.0,-0.8221496559532455
2831.0,-0.7190766019986097
2847.0,-0.7466528769256943
2850.0,-0.8041703271858115
2861.0,-0.7817366718117168
2865.0,-0.8702576966032558
2867.0,-0.8587853608340023
2878.0,-0.7850346432323206
2888.0,-0.8041428998887997
2907.0,-0.7861099371016299
2915.0,-0.7515925182270138
2942.0,-0.4561583195975654
2946.0,-0.5171942981766838
2975.0,-0.7676309059681666
2982.0,-0.6710322658965697
2984.0,-0.8294233506236796
2986.0,-0.7291294314954174
2990.0,-0.6527850140251058
2996.0,-0.6990861201258625
3000.0,-0.5208782940997536
3001.0,-0.6016879895454962
3015.0,-0.1763023146790045
3029.0,-0.38154264606958904
3041.0,-0.4712463671036668
3044.0,-0.4734275850983169
3047.0,-0.359227557498387
3052.0,-0.4114353392096915
3056.0,-0.38759833476807853
3058.0,-0.13760109643347404
3072.0,-0.27666145657385766
3077.0,-0.1827529952636491
3085.0,-0.34310272528339536
3102.0,-0.5067236994512944
