test_index,y_pred
5.0,10.139324029125254
29.0,15.213880247029568
90.0,15.120389101244488
102.0,15.379005610785498
104.0,14.193597653691262
115.0,12.476159490448962
124.0,8.116867314538755
128.0,12.78908242703153
135.0,8.871562891165496
144.0,11.358345597903881
148.0,7.689705959289224
151.0,15.850034491419377
162.0,15.046307042141954
170.0,16.31922079089543
183.0,16.33606848763949
202.0,10.476732309656757
209.0,10.102518852357445
224.0,9.741298855213827
240.0,13.975479287309053
268.0,11.31200827776481
270.0,15.46002047882218
272.0,16.429173333648603
277.0,16.97862860111463
292.0,16.11805192555436
310.0,11.919185043415254
344.0,13.921895134559344
416.0,11.696716834730026
422.0,11.304906915358945
423.0,8.096968760543948
431.0,16.05979861808186
442.0,14.12715385555721
452.0,16.44047906895768
456.0,15.43358966464937
459.0,13.969369184431656
462.0,8.645685524454233
470.0,10.627237370760085
471.0,11.016162916773105
482.0,14.20867190467809
490.0,15.594568737490683
492.0,13.540140933398146
495.0,12.835323931740293
525.0,6.894002425542704
536.0,13.12136545065599
551.0,15.733648606061044
555.0,10.314202138522607
564.0,12.506976572928005
574.0,14.549674500769425
584.0,9.152008520249105
589.0,10.104260233779751
598.0,16.095655596797926
605.0,10.050843680718664
613.0,12.657208569710555
614.0,10.398052999310776
654.0,8.660365604803584
656.0,15.43822405521934
660.0,15.024084220582942
667.0,8.682623496124336
669.0,13.075021050700174
677.0,13.499267362498177
709.0,8.123351480721201
713.0,8.709233915065171
732.0,14.691675859990454
738.0,12.581094633392885
753.0,15.099530657301813
760.0,14.68349110582634
770.0,12.926227964418874
778.0,9.155896674401095
783.0,9.168798385086035
791.0,10.835191976769092
795.0,13.705776021215012
799.0,11.820146626191981
807.0,13.39262079068602
808.0,8.383859215815043
809.0,14.895108579221759
810.0,13.046731400454528
834.0,8.411519296749782
840.0,12.471966592797303
843.0,11.786740382595175
851.0,14.919076032507162
871.0,14.962462956904929
875.0,16.61814588923784
883.0,15.69956986580076
888.0,14.106485764001247
896.0,7.142652264448349
915.0,7.055598766808879
947.0,10.528538696518236
952.0,12.205947726812271
958.0,12.225931470996152
959.0,13.140015469161524
967.0,13.382332666831937
972.0,11.848998293145495
977.0,13.978979017032485
981.0,13.59118718935651
983.0,10.705465768813028
984.0,15.667304682277102
985.0,14.952494172038662
1003.0,14.61208353376258
1008.0,13.76209432975755
1012.0,16.32501230058508
1015.0,15.07518234362631
1028.0,15.334303046046548
1048.0,15.340827211188863
1051.0,14.572569617538155
1067.0,9.208343322748895
1073.0,10.094946415953093
1086.0,8.65657645954294
1092.0,10.683311575580223
1106.0,9.482735749779932
1121.0,12.602033321046964
1148.0,11.381009593837675
1186.0,14.787090017750813
1209.0,16.29090264586267
1213.0,9.191758927949124
1216.0,10.148612297259437
1217.0,7.884076294150312
1218.0,7.668008770362535
1220.0,9.843701174939572
1225.0,10.220043560214615
1232.0,8.901623533721235
1235.0,9.877721310488123
1251.0,9.773243617902505
1256.0,7.2760649960798744
1268.0,8.318220288820756
1269.0,10.613632451782882
1270.0,11.172698157973837
1272.0,11.792813121747225
1273.0,7.478050862229638
1291.0,13.860244399162713
1305.0,11.994991325477756
1307.0,15.147505272375296
1310.0,13.922342455536125
1325.0,13.533878802559475
1326.0,12.56487896590328
1340.0,15.09592670732709
1344.0,15.883805093699191
1354.0,12.365531691302962
1357.0,15.186757467456397
1378.0,16.69121448120067
1390.0,13.925483378580054
1394.0,14.456826723815315
1398.0,15.964892211856153
1411.0,16.47540932139945
1416.0,14.789839581414792
1449.0,12.458144544059891
1461.0,8.765603087114233
1468.0,12.913759917445542
1471.0,13.637157628056334
1475.0,11.357587558350904
1482.0,13.227587941346982
1485.0,14.02946023649303
1492.0,15.135825748665
1494.0,14.072138603076562
1504.0,15.558562228393953
1517.0,14.963882872453564
1553.0,8.897966256147674
1580.0,11.327630022598314
1587.0,13.03945625753874
1591.0,13.39626772371825
1594.0,11.558594341407542
1599.0,12.71603566024552
1601.0,12.475876674211563
1602.0,12.693362692242253
1611.0,13.635223309294577
1620.0,10.995748310198397
1625.0,11.711918852064871
1635.0,14.407008528989415
1636.0,14.665279313869304
1641.0,12.847168544352574
1657.0,10.054240653834814
1676.0,12.968744756849151
1686.0,15.369310426235483
1690.0,14.512646992617807
1710.0,15.321265443222677
1711.0,14.96079747840405
1715.0,14.906650957119822
1716.0,14.589387779651684
1719.0,14.520268079305692
1723.0,16.15067949918249
1735.0,11.73491974623194
1748.0,16.177531020271804
1750.0,10.492454797708348
1764.0,8.510030457945462
1773.0,12.578556982444034
1778.0,12.527638225420734
1801.0,14.272952209647823
1802.0,11.748843203909999
1806.0,14.993460332817676
1808.0,14.599058328744052
1866.0,13.165616315481259
1935.0,15.557383536703718
1939.0,14.8702579570793
1953.0,13.787412967843888
1956.0,13.564442146779975
1961.0,15.238348624407683
1975.0,13.452846175839717
1977.0,15.048848831092293
1982.0,14.700622003000772
1986.0,6.905044909622605
2017.0,14.177673793016318
2037.0,8.952119895058278
2042.0,8.815175215749255
2044.0,9.618525135174698
2045.0,7.650149459642757
2052.0,10.749965919102596
2055.0,11.551558779140649
2060.0,10.791737982080123
2073.0,14.559287610343773
2077.0,13.620743797530935
2091.0,12.09660827389261
2095.0,9.196394759881226
2105.0,15.756001437593323
2117.0,6.280046225371381
2130.0,14.71900646361811
2146.0,10.692360808108141
2154.0,15.64051382132999
2155.0,16.453163058765064
2158.0,14.102737992679584
2160.0,13.10947773441517
2168.0,9.634989432852489
2169.0,7.236759630403489
2186.0,12.4534747698296
2193.0,7.881308085092902
2197.0,11.183097482428387
2206.0,9.277540515867589
2209.0,16.490433527419402
2220.0,11.621940653509618
2224.0,15.217983625830282
2284.0,8.731984611655646
2298.0,9.12426502785011
2299.0,11.369164864614776
2320.0,8.90052349194551
2328.0,14.752996484787905
2341.0,8.328162800180438
2355.0,11.80872770752912
2397.0,15.472290453024637
2398.0,13.849014541925385
2402.0,11.91975773024356
2415.0,10.54580062488013
2417.0,8.961324349048354
2418.0,9.204821076736327
2423.0,9.121709620404197
2428.0,13.83575976680683
2431.0,15.907775763510763
2432.0,15.246066496717411
2445.0,9.625214362577047
2452.0,9.365406802973926
2462.0,9.25328730428679
2466.0,11.065752040320422
2493.0,9.107802659236764
2494.0,10.329874183423666
2501.0,7.902328679129514
2507.0,10.488633854279861
2511.0,9.29812466273874
2519.0,14.396483482637617
2526.0,15.442538259644973
2541.0,15.166953771489815
2550.0,8.387308382319041
2553.0,7.253539621872134
2557.0,8.772386099461231
2590.0,14.406729274023295
2626.0,7.681286589372137
2631.0,7.251638660516726
2649.0,13.7987643372942
2656.0,13.047159137149688
2657.0,12.914102846532115
2658.0,11.520342844064345
2662.0,14.91350070490996
2670.0,14.243178517936514
2672.0,14.673109838080395
2692.0,16.015177984334947
2696.0,14.67920816909313
2701.0,14.483725827185934
2731.0,9.753429264663126
2747.0,13.34747578782154
2756.0,11.38604684575398
2766.0,15.4315574403223
2786.0,10.346445991483442
2796.0,17.473849899384323
2865.0,9.423465715308105
2867.0,8.684676496734454
2883.0,10.47217768693609
2888.0,12.60042969071563
2894.0,12.886614084128105
2905.0,13.626080731081597
2922.0,15.14443490178621
2945.0,14.529220325786149
2983.0,13.72787019372516
2995.0,14.17271113331607
3007.0,17.040318260691787
3024.0,10.488833401752697
3026.0,12.007179569944366
3032.0,14.135484398979719
3039.0,9.766256710069555
3041.0,13.835728629451074
3044.0,13.526397744974284
3049.0,14.71443937938026
3050.0,15.591777710503559
3051.0,13.436266623551
3054.0,11.310304149379657
3068.0,15.139205241629332
3085.0,7.967699239838671
3087.0,10.748627892177874
3099.0,10.87327420973391
3108.0,7.344399567010999
3113.0,11.753172676846816
3118.0,14.406789336927591
3134.0,10.382393191047122
3138.0,10.762007122886473
3149.0,15.14019657057823
3155.0,11.797573378606305
3162.0,15.729375119198075
3169.0,13.565985743663846
3209.0,11.099554815616937
3211.0,14.55010948463076
3225.0,8.7486345125994
3230.0,13.893615371071482
3236.0,9.763822301994129
3244.0,18.07925195951519
3268.0,10.71194128524388
3270.0,14.538400762305393
3271.0,15.306961307231848
3281.0,11.006290668222052
3299.0,15.500924659251586
3309.0,12.305209759485798
3316.0,10.510761478038923
3322.0,7.900497404011976
3329.0,13.912238495142242
3343.0,9.739043574275872
3357.0,7.723801804893407
3362.0,8.281340100820554
3365.0,10.809828377940295
3381.0,15.090546455577213
3387.0,13.619401031930071
3399.0,9.345483477292458
3401.0,10.464383273334791
3425.0,17.052138381837008
3428.0,8.681062028261149
3435.0,8.006545875685546
3439.0,10.811030764138794
3452.0,11.911674550481552
3464.0,15.000804820290043
3469.0,17.40167034568111
3483.0,13.259064925042829
3487.0,11.256084430939762
3505.0,15.551077431557637
3507.0,13.471615533896832
3508.0,16.358432100286404
3512.0,16.149850693577978
3516.0,16.635159921307196
3531.0,9.903637189182854
3536.0,8.67705338106698
3539.0,8.313510170151115
3540.0,11.529802221861397
3544.0,12.528396496083257
3550.0,11.936145072581697
3561.0,7.898095430086237
3572.0,16.02866821047693
3575.0,15.059628283057865
3583.0,16.242894436378826
3585.0,14.144867727479784
3587.0,14.234623549216591
3600.0,6.905176789777995
3616.0,14.971928500533418
3620.0,13.252141742083031
3630.0,8.085592782404678
3638.0,10.879340449935174
3646.0,11.31662820519756
3656.0,13.96145456313331
3678.0,11.386316990111439
3679.0,10.025782440578803
3688.0,15.132186001389874
3702.0,15.860312846945838
3714.0,15.585136892506657
3716.0,8.455087719215296
3723.0,9.887012937463311
3724.0,13.282534364361911
3737.0,14.818511696804482
3760.0,12.344316038129637
3764.0,11.331050086894301
3776.0,13.653671251041061
3779.0,15.447357488630532
3783.0,12.204402009863447
3834.0,9.183532986516303
3835.0,10.770696597271256
3841.0,12.653426643515097
3843.0,12.290671444555713
3850.0,9.285729484191613
3869.0,13.368370478485303
3888.0,14.235573408162967
3891.0,14.765241849638198
3916.0,13.462371166431499
3929.0,15.193222666024624
3934.0,7.334523191966076
3946.0,11.700126059836048
3949.0,13.523201622568095
3990.0,7.8982370168558065
3993.0,14.697300428985537
4003.0,11.366522570982465
4006.0,14.359169503056643
4011.0,13.644885933505488
4036.0,10.138948258828567
4037.0,13.424862263707485
4046.0,15.021069292250592
4047.0,15.095697897680639
4048.0,15.18380187769479
4067.0,8.6558269222945
4089.0,14.32524326469565
4092.0,11.73256352574274
4097.0,13.258844031332618
4100.0,15.717171378017204
4104.0,14.936580653826468
4116.0,11.736807623431401
4127.0,13.401921854138942
4137.0,15.05105408290073
4138.0,16.83841896853109
4145.0,17.068664064249333
4166.0,11.62430899960034
4167.0,11.153840561935983
