test_index,y_pred
23.0,-0.0020388097036629915
26.0,0.0027626492083072662
43.0,0.0038423938676714897
51.0,0.0015458150301128626
68.0,0.0018899880815297365
89.0,0.0018189391121268272
91.0,0.0020559339318424463
92.0,-0.003221130231395364
95.0,0.0014181998558342457
97.0,0.002217599656432867
100.0,0.0014489126624539495
107.0,-0.0020359812770038843
110.0,0.00047916226321831346
114.0,-0.002103288657963276
116.0,0.0021287298295646906
124.0,0.00284160696901381
156.0,0.00263225263915956
165.0,0.0007188035524450243
174.0,0.004302444402128458
180.0,-0.0007829846581444144
185.0,-0.003581759287044406
186.0,-0.003142202040180564
219.0,0.0032876727636903524
230.0,0.0023207918275147676
245.0,-0.0032618013210594654
252.0,-0.002174295485019684
255.0,0.0017389333806931973
258.0,-0.0011583779705688357
279.0,-0.0033287634141743183
288.0,-0.005866507068276405
292.0,-0.0021084861364215612
303.0,-0.0017203486058861017
306.0,0.004222009796649218
308.0,-0.0024984979536384344
319.0,-0.0019417105941101909
321.0,0.005567932967096567
330.0,-0.0028629691805690527
332.0,-0.0004141284734942019
347.0,0.00273348786868155
362.0,0.002054153475910425
370.0,9.981790208257735e-05
404.0,-0.004854877945035696
406.0,-0.004126455634832382
416.0,0.002709929598495364
448.0,0.002409170148894191
459.0,-0.001435257843695581
488.0,0.001967806601896882
499.0,0.00203903391957283
508.0,-0.0011665853671729565
510.0,0.003087870078161359
513.0,-0.002232339233160019
529.0,-0.0016094172606244683
530.0,0.00207218318246305
540.0,0.0041018156334757805
552.0,-0.002096981042996049
557.0,0.003523490158841014
561.0,0.0025308511685580015
570.0,0.0006825232412666082
573.0,0.00033538765273988247
582.0,0.001786701031960547
584.0,0.0033784727565944195
588.0,-0.0025035818107426167
595.0,-0.0021259887143969536
602.0,0.0019046671222895384
607.0,0.0005598347634077072
613.0,-0.002670140005648136
631.0,-0.002100154524669051
654.0,-0.00426796730607748
659.0,0.00264117238111794
668.0,-0.0026048815343528986
703.0,-0.002473789034411311
714.0,0.00019760651048272848
722.0,-0.001410581637173891
724.0,0.0018663696246221662
726.0,0.0025545882526785135
754.0,0.004496237728744745
762.0,0.002749292878434062
812.0,0.001875035697594285
814.0,-0.002124847611412406
818.0,-0.002113793045282364
837.0,-0.004289235454052687
838.0,-0.0011791340075433254
839.0,0.0025734123773872852
843.0,0.0009757475927472115
847.0,0.0017276594880968332
857.0,0.00284421700052917
863.0,0.0019171799067407846
874.0,0.0021940029691904783
910.0,0.0011279020691290498
915.0,-0.004972677677869797
921.0,0.0016551741864532232
924.0,-0.002246793359518051
948.0,0.004399222321808338
949.0,-0.002674840157851577
968.0,0.005126756150275469
972.0,-0.0019916570745408535
975.0,-0.0003125486837234348
979.0,-0.0024568745866417885
981.0,-0.002209916478022933
987.0,0.003031968604773283
988.0,0.0010948511771857738
990.0,0.004832609090954065
1018.0,-0.0010286689503118396
1036.0,0.0023477813228964806
1041.0,-0.0012904589530080557
1051.0,-0.0029146976303309202
1058.0,-0.0034234903287142515
1068.0,-0.00346887344494462
1075.0,0.003055269131436944
1077.0,0.002420226577669382
1101.0,-0.0037927443627268076
1137.0,0.003920768853276968
1138.0,0.000999555690214038
1142.0,0.0029496238566935062
1179.0,-0.0034971009008586407
1183.0,-0.0019809259101748466
1216.0,-0.0026665811892598867
1239.0,-0.0018764922861009836
1240.0,0.002554977545514703
1251.0,0.0023846691474318504
1265.0,-0.0025259593967348337
1273.0,0.002792264800518751
1278.0,-0.0006866530166007578
1279.0,0.0019619297236204147
1282.0,-0.004955781623721123
1332.0,-0.0043775602243840694
1334.0,-0.0019520975183695555
1348.0,0.0038808495737612247
1360.0,0.002667963271960616
1371.0,-0.003026652382686734
1387.0,-0.004515607375651598
1404.0,-0.0014387316768988967
1413.0,-0.0017557977698743343
1414.0,-0.0014552258653566241
1415.0,-0.0012973732082173228
1425.0,-0.004569243639707565
1451.0,0.0009690715814940631
1464.0,-0.000557021819986403
1477.0,0.004644446540623903
1478.0,0.0020051058381795883
1480.0,0.0010637545492500067
1485.0,-0.0014967612223699689
1511.0,-0.0019567511044442654
1513.0,-0.0001197454403154552
1540.0,-0.0031118090264499187
1551.0,0.0015877464320510626
1556.0,-0.0010354934493079782
1563.0,0.0038200009148567915
1588.0,0.0011921162949874997
1594.0,0.002587432973086834
1618.0,0.0019378814613446593
1620.0,-0.002559614833444357
1626.0,0.0024012771900743246
1629.0,0.002586271148175001
1635.0,0.002574365818873048
1652.0,0.0033208003733307123
1658.0,-0.0035402411594986916
1665.0,-0.0035406737588346004
1703.0,-0.002722990233451128
1724.0,-0.0021527500357478857
1727.0,-0.002570774406194687
1731.0,0.0017302543856203556
1733.0,-0.0021945983171463013
1749.0,0.00293471640907228
1755.0,0.002480841940268874
1758.0,0.0026270828675478697
1760.0,0.0035221241414546967
1779.0,-0.001320687704719603
1780.0,0.0012671498116105795
1786.0,-0.00037115250597707927
1791.0,-0.003178367856889963
1797.0,0.0027524884790182114
1801.0,0.0023481990210711956
1811.0,0.0008934757788665593
1816.0,-0.0022441474720835686
1839.0,-4.7457284381380305e-05
1840.0,-0.0019610088784247637
1872.0,0.0025459814351052046
1903.0,-0.001492639072239399
1906.0,-0.0018656541360542178
1910.0,0.002166589256376028
1914.0,0.001891215331852436
1919.0,-0.002763243392109871
1943.0,-0.005164003930985928
1949.0,0.0023597534745931625
1950.0,0.0018326633144170046
1963.0,-0.0013535665348172188
1972.0,0.001590063562616706
1978.0,-0.003196043660864234
1992.0,0.00024868323816917837
2028.0,0.004343048669397831
2036.0,-0.0029364225920289755
2046.0,-0.0028857144061475992
2055.0,0.001966507639735937
2061.0,-0.0017508891178295016
2067.0,-0.0027501790318638086
2073.0,0.002799773821607232
2075.0,0.002409170148894191
2079.0,-0.0011461562244221568
2090.0,0.0024272676091641188
2093.0,0.0004133770416956395
2115.0,-0.0016601519891992211
2123.0,-0.0015203069197013974
2135.0,-0.0008535548695363104
2144.0,0.0028053896967321634
2160.0,0.00308796763420105
2163.0,-0.0006846794858574867
2168.0,-0.0028426761273294687
2178.0,-0.0015030105132609606
2180.0,0.0007283620652742684
2196.0,0.0037855005357414484
2205.0,0.003104307223111391
2207.0,0.0009410455822944641
2212.0,-0.0025053778663277626
2219.0,0.0010107060661539435
2259.0,0.0022980174981057644
2260.0,-0.0004270946665201336
2265.0,-0.002157508162781596
2274.0,-0.0016759141581133008
2278.0,-0.003266833256930113
2280.0,-8.234811684815213e-05
2282.0,0.0017706304788589478
2285.0,-0.0038879169151186943
2286.0,0.0028200813103467226
2290.0,-0.003196817124262452
2292.0,0.002050501061603427
2304.0,-0.0018503032624721527
2318.0,-0.003031129715964198
2331.0,0.004616576712578535
2333.0,0.0036576304119080305
2343.0,0.0024380360264331102
2345.0,0.001709239324554801
2347.0,-0.004239142872393131
2350.0,0.0008135506068356335
2356.0,0.004554141778498888
2365.0,-0.0031351111829280853
2375.0,-0.001767696812748909
2379.0,-0.0018634202424436808
2394.0,0.000664239632897079
2400.0,-0.0030451149214059114
2411.0,0.0008913414785638452
2412.0,-0.0029514182824641466
2419.0,0.0005022631376050413
2428.0,-0.0034780562855303288
2429.0,0.002303563291206956
2442.0,-0.002837512642145157
2456.0,-0.0010783537290990353
2457.0,0.002141214208677411
2470.0,0.0019288517069071531
2500.0,-0.0009959428571164608
2502.0,0.0025502846110612154
2504.0,-0.0029117451049387455
2514.0,-0.002954240422695875
2521.0,-0.002855459228157997
2524.0,0.004837057553231716
2533.0,0.0012940776068717241
2552.0,-0.0025053899735212326
2577.0,-0.0021288117859512568
2582.0,-0.005324739962816238
2593.0,-0.00022363878088071942
2596.0,-0.00019568554125726223
2599.0,0.001453261822462082
2601.0,0.0010941630462184548
2604.0,0.0010087980190292
2611.0,0.0013566783163696527
2619.0,0.0025751551147550344
2631.0,-0.0006836100947111845
2633.0,-0.0025453511625528336
2649.0,0.0018174797296524048
2654.0,0.0015451651997864246
2659.0,-0.0016902289353311062
2664.0,-0.000664902850985527
2665.0,0.0012509586522355676
2692.0,0.0011361914221197367
2703.0,-0.003124855924397707
2725.0,0.0020001372322440147
2733.0,-0.002578416606411338
2736.0,0.0026126843877136707
2746.0,0.003323886077851057
2753.0,-0.0005169917130842805
2754.0,0.0033546555787324905
2766.0,0.0005232589901424944
2780.0,-0.0010703853331506252
2794.0,0.0023612508084625006
2808.0,-0.004049632232636213
2815.0,0.0025877163279801607
2818.0,0.002830683486536145
2827.0,-0.00012781583063770086
2838.0,-0.0016461268533021212
2845.0,-0.0011810141149908304
2849.0,0.001622480689547956
2860.0,0.0014564965385943651
2868.0,5.17860462423414e-05
2876.0,-0.001953783445060253
2896.0,0.0029188187327235937
2898.0,-0.0007974033360369503
2924.0,-0.0025729502085596323
2926.0,0.004118870012462139
2945.0,-0.0013025188818573952
2947.0,0.0025255957152694464
2952.0,-0.0006884103058837354
2955.0,0.001487990957684815
2962.0,-0.000863743363879621
2967.0,-0.003412413876503706
2984.0,-0.000618813035544008
2989.0,-0.0024450342170894146
2991.0,0.0015225580427795649
2992.0,0.00027392356423661113
2999.0,0.004151599481701851
3017.0,-0.0021705066319555044
3018.0,-0.002807383658364415
3029.0,-0.004447502549737692
3033.0,0.0031924142967909575
3038.0,-0.002339465543627739
3046.0,0.0010462383506819606
3060.0,0.0025570348370820284
3065.0,0.002374454168602824
3067.0,0.003016050672158599
3078.0,0.0024003218859434128
3085.0,0.003538547782227397
3093.0,-0.0010943911038339138
3100.0,-0.0007535865879617631
3103.0,-0.0011624015169218183
3110.0,0.0018356078071519732
3116.0,-0.0030116152483969927
3142.0,-0.000907649751752615
3164.0,-0.0007810806855559349
3172.0,0.0021743476390838623
3174.0,-0.0025145665276795626
3176.0,0.0022958640474826097
3196.0,-0.002450311090797186
3199.0,0.001956012798473239
3206.0,-0.000176637273398228
3237.0,0.00031135164317674935
3243.0,-0.0027738576754927635
3259.0,-0.002161318901926279
3270.0,0.0026284276973456144
3275.0,0.0011388364946469665
3279.0,0.0021925128530710936
3281.0,-0.0033903426956385374
3321.0,-0.0028634751215577126
3331.0,0.0006445813341997564
3337.0,-0.002438220428302884
3348.0,0.0022930470295250416
3349.0,-0.0016883773496374488
3370.0,-0.0020600648131221533
3371.0,-0.001165548455901444
3389.0,-0.0035455795004963875
3398.0,-0.00013757370470557362
3404.0,0.0024602129124104977
3427.0,0.00209270091727376
3435.0,0.002509883139282465
3439.0,-0.0025578762870281935
3456.0,-0.0003923277836292982
3463.0,-0.002767917001619935
3464.0,0.004905176814645529
3467.0,0.0013829799136146903
3480.0,0.0030269240960478783
3506.0,-0.0014329272089526057
3519.0,0.0042671868577599525
3527.0,0.0008320452179759741
3536.0,0.002180821495130658
3538.0,-0.003498798469081521
3598.0,-0.0010719052515923977
3628.0,-2.6211084332317114e-05
3632.0,0.0014399758074432611
3650.0,-0.0004235789820086211
3660.0,0.0028143178205937147
3676.0,0.0009913387475535274
3680.0,0.0014097170205786824
3685.0,-0.00500367721542716
3691.0,9.941624739440158e-05
3694.0,0.00212207087315619
3717.0,0.001585947466082871
3719.0,0.0015106346691027284
3728.0,0.0019193780608475208
3735.0,-0.0017067057779058814
3774.0,-0.00038308757939375937
3795.0,-0.0017763010691851377
3807.0,0.0025172114837914705
3809.0,0.003890966298058629
3819.0,-0.0022841813042759895
3822.0,0.0007387467194348574
3823.0,-0.001961966510862112
3834.0,0.0021653762087225914
3837.0,-0.0033168906811624765
3838.0,0.002439160132780671
3845.0,0.0020178467966616154
3853.0,0.0016027768142521381
3859.0,-0.003201900515705347
3869.0,-0.0021627196110785007
3879.0,0.003564784536138177
3884.0,0.0034853462129831314
3911.0,-0.00456346245482564
3912.0,-0.001560176257044077
3914.0,-0.0035981200635433197
3921.0,0.0033900674898177385
3928.0,0.0031300545670092106
3956.0,-0.002607950707897544
3957.0,-0.0024839637335389853
4011.0,0.002987875137478113
4062.0,-0.0027967963833361864
4068.0,0.001245653023943305
4075.0,-0.002671155147254467
4077.0,-0.0026150455232709646
4122.0,0.0018986788345500827
4155.0,0.0021759220398962498
4194.0,-0.0019232924096286297
4200.0,0.0022594730835407972
4214.0,0.0004067838890478015
4227.0,-0.0013978533679619431
4250.0,-0.002477355068549514
4252.0,0.0011541025014594197
4267.0,0.002586354734376073
4274.0,0.0017219132278114557
4275.0,-0.0022554786410182714
4295.0,0.002912537893280387
4310.0,-0.0015343448612838984
4317.0,0.0015316162025555968
4319.0,-0.002198395086452365
4327.0,0.0017579777631908655
4329.0,0.001379078021273017
4335.0,0.002049048664048314
4337.0,-0.00025681438273750246
4341.0,0.001891730586066842
4356.0,0.0034102315548807383
4359.0,-0.0005162212764844298
4404.0,-0.0008420029771514237
4406.0,0.004348858259618282
4420.0,-0.002300131367519498
4429.0,0.0026261992752552032
4443.0,0.002737897215411067
4457.0,-0.003127984469756484
4463.0,0.0015479449648410082
4480.0,0.002392115304246545
4493.0,0.004013378173112869
4494.0,0.0006584071088582277
4496.0,0.0022815789561718702
4513.0,0.0038524677511304617
4514.0,-0.0022311778739094734
4516.0,0.0030298519413918257
4520.0,-0.0015535753918811679
4526.0,-0.003607991384342313
4543.0,0.0014945829752832651
4556.0,-0.00472694868221879
4557.0,-0.002750368556007743
4579.0,-0.00042508079786784947
4617.0,-0.0023052627220749855
4621.0,-0.0018473827512934804
4630.0,-0.002970966277644038
4632.0,-0.0020018189679831266
4646.0,0.0011306075612083077
4649.0,0.0025449255481362343
4650.0,0.002425137907266617
4654.0,0.0018768936861306429
4666.0,0.0017233260441571474
4674.0,0.0017088656313717365
4685.0,-0.0031653817277401686
4687.0,0.002438872354105115
4689.0,-0.004610959440469742
4710.0,0.0031838761642575264
4742.0,-9.791670890990645e-05
4746.0,-0.0009759633103385568
4756.0,0.00295834057033062
4763.0,0.0006518515874631703
4768.0,0.0018332708859816194
4769.0,0.0022486073430627584
4772.0,-0.001626710407435894
4778.0,0.0006676740595139563
4791.0,-0.0019798101857304573
4798.0,0.0006551365950144827
4799.0,-0.0036461662966758013
4825.0,-0.0012500917073339224
4826.0,0.002019000006839633
4829.0,-0.00010613592894515023
4834.0,-0.004354164004325867
4839.0,0.0032685198821127415
4840.0,-0.0015271917218342423
4878.0,-0.003504322376102209
4889.0,0.0009500235901214182
4898.0,0.0010803713230416179
4910.0,0.00028527213726192713
4916.0,0.0027150874957442284
4923.0,-0.0003039631701540202
4944.0,-0.003429181408137083
4952.0,-0.003292911686003208
4969.0,0.002305850386619568
4971.0,-0.001990454038605094
4984.0,-0.0019448231905698776
5002.0,0.002918652957305312
5011.0,-0.0019197575747966766
5027.0,0.002424072241410613
5032.0,0.0025573493912816048
5037.0,-0.0012533320114016533
5040.0,0.003923408221453428
5044.0,0.002889313269406557
5048.0,0.003547162748873234
5055.0,-0.002189196180552244
5062.0,0.003304883139207959
5063.0,-0.004388816189020872
5085.0,0.0007361805764958262
5101.0,0.0016122410306707025
5109.0,0.0024783380795270205
5120.0,-0.0018222512444481254
5127.0,-0.004412972368299961
5132.0,0.0019395946292206645
5134.0,-0.003990627359598875
5143.0,-0.0027336287312209606
5144.0,0.001499100006185472
5156.0,0.0012856620596721768
5163.0,-0.001317936577834189
5165.0,-0.0015753037296235561
5173.0,-0.006731671281158924
5193.0,0.001710103708319366
5196.0,0.00270884414203465
5218.0,-0.0005065167206339538
5226.0,-0.0019087844993919134
5228.0,-0.0016411837423220277
5239.0,-0.003945557400584221
5249.0,-0.00012198839976917952
5254.0,-0.0015663938829675317
5262.0,0.0018266515107825398
5278.0,-0.0025991126894950867
5284.0,0.0024474337697029114
5289.0,0.000832082296255976
5304.0,-0.0017140686977654696
5305.0,0.001036908244714141
5311.0,-0.0016558668576180935
5315.0,-0.0023721910547465086
5324.0,0.0020243136677891016
5333.0,0.0017769791884347796
5340.0,0.001677527092397213
5351.0,0.0028908047825098038
5354.0,-0.0033594132401049137
5356.0,0.0005155857070349157
5376.0,-0.0014380812644958496
5379.0,0.001136660692282021
5396.0,0.0018315091729164124
5400.0,-0.003621189622208476
5407.0,-0.002146422630175948
5411.0,0.0012972329277545214
5423.0,-0.0034416578710079193
5425.0,-0.0025129399728029966
5427.0,-0.001130054472014308
5434.0,-0.0020035463385283947
5443.0,-0.0016504580853506923
5451.0,0.0006539799505844712
5452.0,-0.0011298746103420854
5461.0,-0.00020018123905174434
5472.0,0.002352789044380188
5493.0,0.0005484315333887935
5508.0,-0.0032965396530926228
5519.0,-0.002351119415834546
5523.0,-0.0032695047557353973
5543.0,-0.00379166635684669
5556.0,0.0019660054240375757
5560.0,0.0015411002095788717
5573.0,0.0022224748972803354
5577.0,0.004934502765536308
5590.0,0.0027696965262293816
5592.0,-0.0007768812356516719
5594.0,0.0023513140622526407
5600.0,0.000807242700830102
5604.0,0.0006642465596087277
5614.0,-0.003354578046128154
5616.0,0.002568551106378436
5622.0,0.00020864425459876657
5627.0,0.002010644879192114
5633.0,-0.0018417309038341045
5635.0,-0.002888304181396961
5650.0,0.0019734345842152834
5660.0,0.0037219629157334566
5662.0,0.0024615877773612738
5668.0,-0.00327498372644186
5674.0,0.0013654744252562523
5679.0,-0.002925882115960121
5691.0,0.0020946278236806393
5696.0,-0.0019213876221328974
5698.0,-0.0040228599682450294
5703.0,0.002201491966843605
5705.0,-0.0013890167465433478
5723.0,-0.003771334420889616
5739.0,0.0009873845847323537
5743.0,-0.0032023261301219463
5771.0,-0.00289204902946949
5772.0,-0.00030595893622376025
5801.0,-0.0012390607735142112
5813.0,-0.0025726724416017532
5837.0,-0.0014493671478703618
5880.0,-0.0020963239949196577
5886.0,-0.0007429869147017598
5896.0,0.0020647149067372084
5910.0,-0.004107394255697727
5913.0,0.0036211563274264336
5964.0,-0.0012662517838180065
5974.0,0.0024273942690342665
5975.0,-0.003193563548848033
5976.0,-0.0010259686969220638
5988.0,0.0004212333296891302
6006.0,-0.00015285040717571974
6021.0,-0.001335380831733346
6041.0,-0.0024537849240005016
6050.0,-0.0023051053285598755
6054.0,0.0008979658014141023
6057.0,0.00323593826033175
6061.0,0.0029170720372349024
6082.0,0.0012633625883609056
6090.0,0.0007703950977884233
6093.0,0.0026191575452685356
6096.0,0.0015984810888767242
6099.0,-0.0022672901395708323
6102.0,-0.0027458525728434324
6103.0,-0.0021096577402204275
6106.0,-0.0017073911149054766
6109.0,-0.0009345100261271
6125.0,0.002042722422629595
6148.0,0.0036656679585576057
6154.0,0.0013709444319829345
6157.0,0.0017611877992749214
6158.0,-0.001409100485034287
6163.0,0.0010234368965029716
6169.0,-0.0025051909033209085
6170.0,0.002673863433301449
6187.0,0.0028279880061745644
6188.0,-0.0032883486710488796
6189.0,0.003398352535441518
6201.0,0.001154102385044098
6213.0,-0.0021866054739803076
6231.0,-0.003408192191272974
6245.0,-0.003485074732452631
6274.0,0.0028057184536010027
6277.0,-0.00010473471047589555
6278.0,-0.002154499525204301
6290.0,-0.00043242346146143973
6292.0,-0.0034630545414984226
6319.0,-0.0022126012481749058
6322.0,0.00059283192967996
6340.0,0.0010569310979917645
6341.0,-0.004522128961980343
6351.0,-0.002651681425049901
6359.0,-0.0023535634391009808
6375.0,-0.002927356166765094
6377.0,0.001970200566574931
6393.0,0.0029672360979020596
6413.0,-0.0008961454150266945
6418.0,-0.0038530912715941668
6445.0,0.0020465184934437275
6446.0,-0.0004632583586499095
6457.0,-0.0036835710052400827
6477.0,0.0024033088702708483
6478.0,-0.002224682131782174
6484.0,-0.0017626539338380098
6491.0,-0.0003073401458095759
6514.0,0.002105728257447481
6516.0,-0.0030757554341107607
6525.0,0.0013550830772146583
6534.0,0.002375776646658778
6551.0,-0.003871478606015444
6560.0,0.0014245366910472512
6581.0,0.002268805867061019
6583.0,-0.0015330533497035503
6613.0,-0.002630090806633234
6621.0,-0.003103050636127591
6622.0,0.00266531715169549
6625.0,0.00255360035225749
6630.0,-0.0036212073173373938
6635.0,0.0021935924887657166
6644.0,-0.0029811051208525896
6667.0,-0.0021011338103562593
6676.0,0.0021372854243963957
6679.0,0.00202279188670218
6683.0,0.0023278838489204645
6690.0,-0.0022645036224275827
6693.0,0.0008772618020884693
6701.0,0.002253805287182331
6702.0,-0.0029778836760669947
6708.0,0.003412914928048849
6718.0,-0.0022674156352877617
6742.0,0.00203924928791821
6753.0,0.002696475014090538
6783.0,0.002878104103729129
6784.0,0.0011616228148341179
6795.0,0.0034497876185923815
6805.0,0.0022473458666354418
6827.0,0.001240949030034244
6829.0,-0.0021887579932808876
6840.0,0.0016240313416346908
6849.0,-0.0029942947439849377
6855.0,0.0019586479756981134
6869.0,0.0017108796164393425
6874.0,-0.0016027254750952125
6875.0,-0.003911267500370741
6877.0,0.002920498140156269
6885.0,0.0018624442163854837
6886.0,-0.0026328798849135637
6899.0,0.0025186771526932716
6900.0,0.0010955804027616978
6927.0,-0.001754771452397108
6945.0,-0.001576896640472114
6971.0,-0.0027077689301222563
6991.0,0.004459436982870102
6993.0,-0.0038009807467460632
6994.0,-0.0008226365316659212
7008.0,0.001811073045246303
7013.0,-0.002614365890622139
7018.0,-0.008287787437438965
7043.0,-0.0029151858761906624
7045.0,0.000504417170304805
7063.0,0.003533267881721258
7070.0,0.002405655337497592
7079.0,0.002332407981157303
7091.0,0.0004035150050185621
7092.0,0.003610374638810754
7093.0,0.0025112449657171965
7098.0,0.0033099502325057983
7120.0,0.00552067905664444
7125.0,-0.0021357089281082153
7141.0,0.0026293641421943903
7143.0,0.0023303255438804626
7147.0,-0.0015807439340278506
7154.0,0.0018436358077451587
7162.0,-0.0015147621743381023
7175.0,-0.002140728523954749
7208.0,0.0024322555400431156
7211.0,0.0020898745860904455
7216.0,-0.0015947504434734583
7239.0,-0.0052803982980549335
7248.0,0.0022235766518861055
7257.0,-0.003983085975050926
7261.0,0.002105131046846509
7265.0,0.002812792547047138
7267.0,-0.0013687231112271547
7283.0,0.003026019548997283
7295.0,-0.0014725092332810163
7301.0,-0.001438449020497501
7306.0,0.0017605432076379657
7308.0,0.002819545567035675
7344.0,0.0005762145738117397
7353.0,-0.0047392528504133224
7355.0,0.003155498532578349
7374.0,-0.0018639536574482918
7392.0,0.0031627349089831114
7404.0,0.0016931118443608284
7418.0,0.002156115835532546
7419.0,-0.0024842049460858107
7430.0,-0.0022325050085783005
7439.0,-0.0010328191565349698
7449.0,-0.00033093176898546517
7463.0,-0.0012904693139716983
7466.0,0.0032427548430860043
7476.0,-0.002412698697298765
7492.0,0.0015944686019793153
7537.0,-0.0035157683305442333
7542.0,-0.0009727763244882226
7555.0,0.0025803123135119677
7556.0,0.0022006959188729525
7557.0,-0.0015731932362541556
7558.0,-0.0016418820014223456
7560.0,0.000543602101970464
7588.0,-0.0014684201451018453
7590.0,0.0015082652680575848
7594.0,-0.0028229430317878723
7599.0,-0.0036292446311563253
7606.0,-0.003211844712495804
7611.0,0.001647006836719811
7613.0,-0.002753377426415682
7645.0,0.005447851028293371
7648.0,0.002108469372615218
7654.0,0.0010276170214638114
7688.0,-0.0008362052030861378
7696.0,0.002065785229206085
7701.0,-0.001967340474948287
7705.0,-0.0021927817724645138
7713.0,0.002525557763874531
7722.0,0.0017182932933792472
7726.0,0.00087706558406353
7752.0,-0.0011649596272036433
7754.0,-0.006494783330708742
7760.0,-4.0802155126584694e-05
7764.0,-0.001878078794106841
7771.0,-0.0036201949696987867
7778.0,-0.0039045088924467564
7791.0,-0.0029659816063940525
7812.0,0.003180073108524084
7830.0,0.0018367328448221087
7854.0,-0.003059818409383297
7856.0,-0.002980913268402219
7857.0,-0.0016324360622093081
7879.0,0.002236492233350873
7887.0,-0.001551927882246673
7897.0,0.0021037820260971785
7901.0,0.0031534878071397543
7909.0,-0.001131957396864891
7911.0,-0.001750418683513999
7913.0,-0.003637488931417465
7936.0,0.0034495708532631397
7945.0,-0.0026166769675910473
7959.0,0.0007024165824986994
7966.0,0.0015670845750719309
8022.0,0.0013251930940896273
8059.0,-0.0020675472915172577
8060.0,-0.002605181187391281
8067.0,0.0033435579389333725
8068.0,0.0033728734124451876
8075.0,-0.003312684129923582
8109.0,0.00379196903668344
8115.0,0.002201514318585396
8164.0,-0.0030788846779614687
8166.0,-0.002672596601769328
8174.0,0.0016777906566858292
8178.0,0.001698716077953577
8185.0,-0.002970403991639614
8191.0,-0.0012525833444669843
8195.0,-0.0007313258829526603
8199.0,0.0028802165761590004
8212.0,-0.0021488682832568884
8220.0,-0.0021764070261269808
8237.0,-0.0015418247785419226
8240.0,-0.005206738132983446
8248.0,0.0015617284225299954
8263.0,-0.002993693109601736
8271.0,-0.0012362467823550105
8286.0,-0.0012284505646675825
8288.0,0.0031733412761241198
8291.0,-0.0016348061617463827
8302.0,-0.003533989656716585
8304.0,-0.0025909808464348316
8305.0,0.005359434522688389
8308.0,0.002596108242869377
8318.0,0.0003795690427068621
8319.0,0.0039767310954630375
8327.0,0.003966865129768848
8335.0,0.00020337250316515565
8340.0,-0.0028756665997207165
8356.0,-0.00010487716645002365
8362.0,-0.0028477043379098177
8398.0,0.0013814250705763698
8410.0,-0.003827618435025215
8432.0,0.001791380695067346
8434.0,-0.0018118646694347262
8436.0,0.00162009266205132
8443.0,0.002303563291206956
8447.0,0.0021552385296672583
8486.0,-0.002061741193756461
8487.0,0.0015959516167640686
8498.0,-0.002993975067511201
8500.0,0.0026918903458863497
8503.0,-0.0025917168240994215
8517.0,-0.00022227884619496763
8540.0,-0.0018159530591219664
8542.0,0.0019242301350459456
8550.0,0.0015210452256724238
8551.0,-0.0014390243450179696
8557.0,-0.0020376050379127264
8559.0,0.0017881739186123013
8564.0,0.003106535179540515
8574.0,-0.0013008152600377798
8579.0,-0.0014624304603785276
8583.0,0.0023766960948705673
8585.0,-0.0029675571713596582
8597.0,-0.0018891609506681561
8620.0,-0.0020883800461888313
8625.0,0.0029541868716478348
8659.0,0.0018147701630368829
8678.0,-0.0035209746565669775
8682.0,0.004504765849560499
8685.0,-0.0033463819418102503
8692.0,-0.003204014152288437
8698.0,0.0015183038776740432
8699.0,-0.001841789809986949
8707.0,0.0022868532687425613
8728.0,0.0015014724340289831
8730.0,-0.001794495270587504
8764.0,-0.001222513266839087
8767.0,0.003876081435009837
8774.0,0.0027270091231912374
8777.0,0.0006146207451820374
8783.0,0.0012170011177659035
8790.0,0.0017344693187624216
8796.0,0.002809603465721011
8805.0,-0.0010316049447283149
8806.0,0.0006961370818316936
8816.0,-0.001131585449911654
8826.0,0.0044232141226530075
8834.0,0.0012170011177659035
8841.0,-0.003248500172048807
8860.0,0.0015602282946929336
8861.0,0.00023815824533812702
8863.0,-0.003459318308159709
8886.0,-0.002612735377624631
8892.0,-0.002302868291735649
8931.0,-0.0023709209635853767
8941.0,-0.001871923916041851
8949.0,0.00182331632822752
8954.0,0.00394108472391963
8957.0,-0.0018517200369387865
8970.0,0.004775302484631538
8971.0,0.00164854247123003
8975.0,-0.0030263676308095455
8979.0,0.002213385421782732
8982.0,0.000528952747117728
8983.0,-0.003382112830877304
9001.0,-0.0012068336363881826
9012.0,-0.002044247230514884
9020.0,0.0035080919042229652
9028.0,0.002129406901076436
9045.0,0.0028130807913839817
9060.0,0.0018783786799758673
9067.0,0.004401462152600288
9070.0,0.001523455954156816
9073.0,0.0014200282748788595
9110.0,0.002567554358392954
9114.0,0.004616296384483576
9116.0,0.0013508538249880075
9122.0,-0.00020337075693532825
9125.0,0.0015957894502207637
9136.0,0.0025620211381465197
9150.0,-0.002279542153701186
9195.0,-0.0032329733949154615
9203.0,0.002795941662043333
9231.0,-0.0007744646281935275
9233.0,0.003928903490304947
9239.0,0.002377193421125412
9254.0,5.472992415889166e-05
9277.0,-0.009298422373831272
9278.0,-0.0010693067451938987
9298.0,-0.0004913762677460909
9312.0,-0.004895731341093779
9314.0,0.0004297340346965939
9323.0,-0.0024873334914445877
9366.0,-0.0017633509123697877
9389.0,-0.0032702640164643526
9391.0,0.0013472104910761118
9401.0,-0.0034263816196471453
9427.0,-0.0009948518127202988
9432.0,-0.0012345282593742013
9433.0,0.0020878310315310955
9440.0,0.0037316777743399143
9445.0,-0.0025308351032435894
9448.0,-0.002881116233766079
9458.0,0.0024320860393345356
9460.0,-0.0011055076029151678
9461.0,0.002504022791981697
9464.0,-0.0008912843186408281
9470.0,-0.0020915709901601076
9475.0,-0.0005711717531085014
9476.0,-0.0031697663944214582
9485.0,0.001209387555718422
9486.0,-0.0019273716025054455
9490.0,-0.0034556351602077484
9494.0,0.0011862826067954302
