test_index,y_pred
8.0,-0.9073982625169946
11.0,-0.5001118317391722
15.0,-0.6866939988831788
33.0,-0.7241136950340188
44.0,-0.725124692313404
46.0,-0.611562706435496
59.0,-0.5394145434627422
63.0,-0.8786450579141558
98.0,-0.672583413204503
122.0,-0.546823896899463
129.0,-0.4058973536303476
143.0,-0.6592507979248126
147.0,-0.6096425283795242
163.0,-0.507220998999621
179.0,-0.7693636461750657
181.0,-0.5498912380434273
213.0,-0.6863612616071766
227.0,-0.06943693277335136
240.0,-0.2706761173300522
245.0,-0.4004530230725915
247.0,-0.7693636461750657
257.0,-0.5937573696547265
262.0,-0.3860801792994248
279.0,-0.4553377755461909
280.0,-0.4553377755461909
284.0,-0.5196295628822192
297.0,-0.9552295526218794
301.0,-0.439678563467714
303.0,-0.7328950342864875
320.0,-0.544264018622064
321.0,-0.4793903818051799
333.0,-0.7482745088939282
373.0,-0.6806612067715889
399.0,-0.9697396722104376
407.0,-0.9200060698171477
409.0,-1.0545107698803466
420.0,-0.8412390717832974
426.0,-0.7683150724641479
435.0,-0.9211277423643054
439.0,-0.8938551331521847
440.0,-0.6806612067715889
447.0,-0.8427763756683575
467.0,-0.7378839279928879
473.0,-0.7654074356035654
477.0,-0.7158795323426173
482.0,-0.6806612067715889
521.0,-0.19757673881618198
523.0,-0.6640016332137808
526.0,-0.22812751651699426
530.0,-0.2529651089939038
549.0,-0.11919123833041874
553.0,-0.4706898640273369
558.0,-0.5917005156959974
577.0,-0.3804151855827378
585.0,-0.464584442431267
586.0,-0.4841316955819543
587.0,-0.5359403485470597
588.0,-0.5370333132406184
590.0,-0.4404798170611883
612.0,-0.5149205045942189
635.0,-0.3948306564588497
641.0,-0.5466539265598378
655.0,-0.4641458011685007
676.0,-0.4556055886792034
691.0,-0.5917005156959974
702.0,-0.6018831632718857
710.0,-0.3816764795659217
728.0,-0.5606227359612959
730.0,-0.5565302037414988
742.0,-0.438187080398313
752.0,-0.4648827717088597
754.0,-0.4652073674735195
767.0,-0.3804151855827378
771.0,-0.500698177992259
772.0,-0.4175292079143471
781.0,-0.3954101787879498
783.0,-0.4732607942972233
786.0,-0.3878702595002448
805.0,-0.3301685676789496
836.0,-0.4220061040803067
840.0,-0.4162899977186125
864.0,-0.3601195395528869
865.0,-0.4704531684756041
907.0,-0.5053828638362212
933.0,-0.419796298227566
934.0,-0.3601195395528869
936.0,-0.3460963997150692
953.0,-0.4428783702343466
960.0,-1.1036492695985352
966.0,-0.6763356983945616
977.0,-0.5076171100158788
1002.0,-0.8206228399744422
1009.0,-0.846491115960406
1021.0,-0.670750097454631
1026.0,-0.8593180510832834
1032.0,-0.670750097454631
1039.0,-0.7652583083514823
1040.0,-0.4952054212196852
1042.0,-0.7703737372135144
1069.0,-0.9050680143933835
1073.0,-0.6543929370176809
1078.0,-0.4190888546047215
1092.0,-0.7535033816551913
1110.0,-0.8526020145675037
1118.0,-0.5354107241095853
1129.0,-0.7040852490361065
1154.0,-0.3659781178263266
1158.0,-0.4674181088746376
1163.0,-0.9037064323924218
1166.0,-0.6409554530848585
1171.0,-0.4674181088746376
1183.0,-0.17365416697846134
1186.0,-0.396273389639644
1193.0,-0.5881639904050573
1206.0,-0.539825761573411
1208.0,-0.3911896094570668
1209.0,-0.4424201424579355
1215.0,-0.4435153697834426
1220.0,-0.3482017872419725
1235.0,-0.7043026747317311
1250.0,-0.3531488268137508
1265.0,-0.3603345778847551
1272.0,-0.4730406246456109
1302.0,-0.24493149690888918
1310.0,-0.3381803415428948
1322.0,-0.3693194901635195
1324.0,-0.2854329599027672
1330.0,-0.25253571549129794
1335.0,-0.2629124210406723
1339.0,-0.3315600786238351
1351.0,-0.2664087725135271
1370.0,-0.6527284028189708
1397.0,-0.7300916876243253
1409.0,-0.5354107241095853
1428.0,-0.4841052331500499
1446.0,-1.2592731218382212
1454.0,-0.4192081033674508
1458.0,-0.4308268229221692
1462.0,-0.4599897405256712
1486.0,-0.499401248178426
1490.0,-0.3601195395528869
1492.0,-0.6400700054895943
1521.0,-0.3601195395528869
1565.0,-0.4847772041087808
1566.0,-0.1920662190211029
1568.0,-0.2932796475335841
1584.0,-0.4706898640273369
1604.0,-0.4847772041087808
1617.0,-0.6137531390893223
1620.0,-0.2538475359025276
1632.0,-0.379725609906588
1633.0,-0.3896387938836199
1643.0,-0.4684403901281921
1663.0,-0.4030245943892083
1683.0,-0.412546574220948
1694.0,-0.5914788020131283
1695.0,-0.5569581694335941
1703.0,-0.5329414605137357
1706.0,-0.5329760385668134
1713.0,-0.493241483071122
1718.0,-0.2591137392000435
1726.0,-0.8190530845141772
1728.0,-0.5555935418879887
1733.0,-0.6616413822545404
1737.0,-0.480904347227689
1750.0,-0.7139637880207115
1766.0,-1.0117030867158692
1770.0,-0.8505120053800326
1778.0,-0.9777578322993838
1785.0,-0.4152505082070377
1790.0,-0.4583690931812807
1798.0,-0.6713295591003536
1805.0,-0.5808841353393479
1807.0,-0.542416781853019
1835.0,-0.7660125492000791
1844.0,-0.599377600166207
1852.0,-0.7294090144812841
1861.0,-0.7964101402936894
1870.0,-0.9211899155212765
1871.0,-0.7051886467985451
1876.0,-1.2145083059413149
1885.0,-0.8178163847176307
1888.0,-0.4729377156297047
1897.0,-0.9386510312595816
1905.0,-1.295266670496249
1916.0,-0.9735477496316718
1925.0,-0.9388457331060094
1927.0,-0.9388457331060094
1949.0,-1.02343894366595
1961.0,-0.4037533651362857
1964.0,-0.19815969303493888
1966.0,-0.3082317047943199
2004.0,-0.5907811772046738
2022.0,-0.5812390592361822
2026.0,-0.6585506567812072
2031.0,-0.6872524266485964
2035.0,-0.6225269006024714
2042.0,-0.6063457332446465
2047.0,-0.694836974299271
2051.0,-0.562903668024628
2053.0,-0.5358217680453841
2056.0,-0.6906693031859295
2057.0,-0.6542439133301503
2058.0,-0.5095561997099551
2060.0,-0.6366857458938622
2065.0,-0.4512667845123967
2082.0,-0.6317971185927416
2109.0,-0.6417990029364651
2116.0,-0.6610506157497511
2125.0,-0.7013450677066029
2135.0,-0.6417990029364651
2139.0,-0.3730962107784261
2157.0,-0.697072052433243
2163.0,-0.5747589279148038
2166.0,-0.6233859890535829
2181.0,-0.3497536548295503
2183.0,-0.5580687156880089
2197.0,-0.2684187733761964
2198.0,-0.3991761523462749
2199.0,-0.5033640467546885
2202.0,-0.3991761523462749
2203.0,-0.541021973268025
2216.0,-0.693725881534748
2221.0,-0.7247673541058557
2252.0,-0.696789018169115
2266.0,-0.7289241193343727
2272.0,-0.6465196154887121
2273.0,-0.5196295628822192
2275.0,-0.5034696806344066
2283.0,-0.7902816410336708
2292.0,-0.9108472691563884
2315.0,-0.9726454567190208
2330.0,-0.20157765782942555
2345.0,-0.2330662178961733
2360.0,-0.483592473307632
2361.0,-0.2387857849016307
2402.0,-0.946394105724716
2403.0,-0.5507975880299849
2404.0,-0.6578177879563185
2415.0,-0.7094402166852962
2434.0,-0.7218200438450744
2452.0,-0.7478053978495094
2457.0,-0.23472790793859438
2460.0,-1.1086134748739627
2461.0,-0.9198452542371893
2462.0,-0.4885809388057929
2463.0,-0.7094402166852962
2475.0,-0.7438332913186123
2479.0,-0.7267068866127531
2486.0,-0.8269691491251141
2499.0,-1.28261133628686
2503.0,-0.5823203265504073
2504.0,-0.751374548270995
2508.0,-0.4083621856541519
2509.0,-0.9717423003275716
2511.0,-0.9061317771099962
2526.0,-0.6216112490965227
2533.0,-0.7142164324713178
2544.0,-0.5058343746209601
2561.0,-0.7275685108020493
2573.0,-0.7442838456105019
2580.0,-0.6442372156282525
2583.0,-0.6803625523251862
2613.0,-0.6605771025783067
2617.0,-1.2280094532051606
2618.0,-0.4526850771080788
2625.0,-0.6469383521066518
2627.0,-0.8273564438622749
2634.0,-0.6550020441148288
2636.0,-0.9760203977837523
2655.0,-0.7997262576992608
2675.0,-0.9632992082273136
2679.0,-0.7261619689360348
2690.0,-0.9939142440514032
2696.0,-0.7047201661176032
2698.0,-1.0005180475387805
2707.0,-0.7261619689360348
2713.0,-0.7545855333777176
2734.0,-0.7047201661176032
2740.0,-0.3771021451929641
2743.0,-0.2706761173300522
2771.0,-0.7660125492000791
2781.0,-0.4889739892668281
2786.0,-0.6630546390670009
2804.0,-0.3761239559932772
2811.0,-0.8573301558855988
2820.0,-0.7194514757535835
2832.0,-0.5666066012807125
2837.0,-0.5001140388237157
2838.0,-0.5751739793858484
2849.0,-0.9161946531019733
2853.0,-0.7247511705149936
2874.0,-0.906135283061294
2881.0,-0.7687331879434645
2900.0,-0.9268922899025152
2903.0,-0.6606409638393211
2929.0,-0.23307892896041404
2935.0,-0.5247752366761613
2936.0,-0.6210023799503954
2950.0,-0.5746749650003355
2956.0,-0.4679517471971497
2993.0,-0.5261748453347979
3018.0,-0.2825759910117469
3022.0,-0.3661880288759747
3027.0,-0.4777401502904155
3050.0,-0.4338118770889654
3063.0,-0.311769107401421
3068.0,-0.3661880288759747
3086.0,-0.6122617998779187
3092.0,-0.384552593591791
3101.0,-1.264130076113112
