test_index,y_pred
25.0,6.0
39.0,5.0
41.0,5.0
53.0,5.0
61.0,5.0
73.0,5.0
85.0,5.0
92.0,5.0
107.0,6.0
127.0,3.0
139.0,5.0
158.0,5.0
169.0,5.0
174.0,5.0
180.0,5.0
190.0,5.0
210.0,7.0
217.0,5.0
248.0,6.0
275.0,6.0
278.0,4.0
279.0,7.0
281.0,6.0
291.0,5.0
297.0,5.0
299.0,6.0
303.0,4.0
318.0,7.0
322.0,5.0
330.0,6.0
338.0,4.0
341.0,8.0
346.0,7.0
359.0,5.0
367.0,4.0
374.0,7.0
389.0,6.0
398.0,6.0
408.0,8.0
420.0,5.0
422.0,5.0
428.0,6.0
448.0,5.0
459.0,4.0
464.0,6.0
465.0,5.0
479.0,7.0
484.0,7.0
504.0,7.0
510.0,4.0
529.0,5.0
542.0,4.0
553.0,7.0
558.0,6.0
562.0,5.0
570.0,7.0
573.0,5.0
582.0,5.0
589.0,7.0
592.0,5.0
594.0,5.0
606.0,7.0
609.0,6.0
619.0,6.0
634.0,5.0
640.0,6.0
650.0,6.0
651.0,4.0
668.0,6.0
674.0,6.0
691.0,5.0
700.0,5.0
725.0,5.0
740.0,6.0
764.0,6.0
770.0,5.0
784.0,5.0
785.0,5.0
790.0,6.0
802.0,7.0
814.0,6.0
817.0,7.0
819.0,4.0
822.0,6.0
830.0,5.0
833.0,3.0
846.0,5.0
855.0,6.0
856.0,6.0
862.0,6.0
863.0,5.0
868.0,6.0
876.0,5.0
878.0,6.0
890.0,6.0
898.0,7.0
900.0,8.0
908.0,6.0
914.0,6.0
932.0,5.0
936.0,6.0
949.0,7.0
958.0,4.0
959.0,6.0
971.0,8.0
983.0,6.0
1018.0,6.0
1021.0,6.0
1028.0,6.0
1035.0,7.0
1047.0,7.0
1048.0,6.0
1057.0,5.0
1058.0,5.0
1068.0,7.0
1084.0,5.0
1091.0,5.0
1111.0,6.0
1139.0,5.0
1188.0,6.0
1201.0,7.0
1205.0,7.0
1210.0,5.0
1239.0,5.0
1250.0,5.0
1256.0,5.0
1264.0,8.0
1265.0,6.0
1268.0,6.0
1274.0,4.0
1275.0,5.0
1277.0,6.0
1285.0,6.0
1286.0,6.0
1288.0,6.0
1320.0,6.0
1327.0,6.0
1342.0,6.0
1346.0,5.0
1347.0,5.0
1350.0,6.0
1368.0,5.0
1369.0,4.0
1373.0,5.0
1380.0,6.0
1384.0,5.0
1396.0,6.0
1399.0,6.0
1401.0,5.0
1402.0,8.0
1421.0,5.0
1430.0,6.0
1434.0,5.0
1435.0,5.0
1466.0,7.0
1470.0,4.0
1479.0,6.0
1482.0,5.0
1496.0,6.0
1513.0,5.0
1517.0,6.0
1525.0,6.0
1530.0,6.0
1540.0,7.0
1547.0,6.0
1549.0,5.0
1570.0,7.0
1593.0,5.0
1606.0,5.0
1608.0,7.0
1611.0,7.0
1630.0,5.0
1638.0,5.0
1639.0,6.0
1650.0,5.0
1652.0,7.0
1661.0,6.0
1679.0,6.0
1720.0,5.0
1723.0,7.0
1732.0,5.0
1739.0,5.0
1784.0,5.0
1795.0,6.0
1799.0,5.0
1801.0,5.0
1809.0,7.0
1825.0,7.0
1828.0,6.0
1829.0,3.0
1830.0,6.0
1838.0,5.0
1841.0,7.0
1844.0,7.0
1846.0,7.0
1880.0,7.0
1898.0,7.0
1899.0,7.0
1900.0,8.0
1902.0,6.0
1920.0,5.0
1921.0,5.0
1923.0,6.0
1933.0,7.0
1940.0,5.0
1950.0,7.0
1954.0,6.0
1964.0,7.0
1965.0,5.0
1966.0,5.0
1968.0,6.0
1976.0,7.0
1981.0,5.0
2014.0,6.0
2020.0,5.0
2038.0,5.0
2039.0,7.0
2055.0,6.0
2057.0,4.0
2058.0,6.0
2062.0,5.0
2065.0,5.0
2066.0,5.0
2082.0,5.0
2090.0,6.0
2093.0,7.0
2099.0,5.0
2112.0,6.0
2124.0,5.0
2125.0,7.0
2127.0,7.0
2128.0,7.0
2141.0,8.0
2144.0,6.0
2171.0,5.0
2177.0,7.0
2183.0,6.0
2193.0,4.0
2200.0,5.0
2201.0,4.0
2227.0,6.0
2237.0,3.0
2238.0,3.0
2252.0,6.0
2254.0,8.0
2274.0,6.0
2278.0,7.0
2290.0,5.0
2292.0,5.0
2303.0,4.0
2306.0,7.0
2309.0,6.0
2318.0,6.0
2320.0,7.0
2351.0,6.0
2366.0,6.0
2375.0,6.0
2382.0,8.0
2388.0,6.0
2420.0,5.0
2432.0,7.0
2439.0,7.0
2442.0,7.0
2444.0,8.0
2447.0,7.0
2453.0,7.0
2454.0,6.0
2455.0,5.0
2456.0,5.0
2473.0,5.0
2482.0,6.0
2505.0,4.0
2512.0,6.0
2537.0,6.0
2538.0,4.0
2543.0,6.0
2546.0,5.0
2560.0,7.0
2561.0,4.0
2563.0,6.0
2589.0,6.0
2608.0,7.0
2614.0,6.0
2640.0,5.0
2655.0,5.0
2656.0,6.0
2687.0,6.0
2692.0,7.0
2693.0,5.0
2696.0,7.0
2719.0,7.0
2723.0,5.0
2746.0,5.0
2751.0,3.0
2754.0,6.0
2776.0,4.0
2788.0,4.0
2792.0,7.0
2798.0,5.0
2807.0,5.0
2808.0,7.0
2837.0,7.0
2840.0,5.0
2861.0,6.0
2890.0,6.0
2891.0,7.0
2894.0,6.0
2898.0,6.0
2904.0,7.0
2912.0,5.0
2929.0,4.0
2935.0,8.0
2968.0,3.0
2978.0,7.0
2993.0,7.0
2999.0,7.0
3008.0,7.0
3011.0,6.0
3015.0,4.0
3017.0,5.0
3027.0,7.0
3035.0,5.0
3045.0,6.0
3051.0,6.0
3068.0,5.0
3073.0,4.0
3079.0,6.0
3086.0,5.0
3090.0,6.0
3098.0,5.0
3111.0,7.0
3116.0,6.0
3118.0,5.0
3121.0,5.0
3147.0,7.0
3156.0,6.0
3157.0,5.0
3160.0,6.0
3166.0,7.0
3171.0,6.0
3186.0,5.0
3194.0,6.0
3207.0,6.0
3208.0,4.0
3231.0,7.0
3254.0,4.0
3261.0,6.0
3265.0,5.0
3271.0,5.0
3295.0,6.0
3318.0,5.0
3340.0,7.0
3351.0,5.0
3366.0,5.0
3387.0,7.0
3405.0,5.0
3413.0,7.0
3448.0,5.0
3455.0,5.0
3478.0,6.0
3489.0,5.0
3508.0,5.0
3509.0,6.0
3514.0,7.0
3526.0,6.0
3527.0,8.0
3545.0,5.0
3560.0,6.0
3571.0,6.0
3599.0,5.0
3606.0,7.0
3607.0,6.0
3611.0,5.0
3612.0,6.0
3617.0,5.0
3637.0,6.0
3643.0,5.0
3646.0,5.0
3652.0,5.0
3676.0,7.0
3684.0,6.0
3694.0,5.0
3700.0,6.0
3713.0,6.0
3772.0,5.0
3774.0,7.0
3797.0,5.0
3812.0,6.0
3813.0,5.0
3816.0,7.0
3817.0,6.0
3820.0,5.0
3828.0,6.0
3833.0,6.0
3834.0,5.0
3850.0,6.0
3851.0,6.0
3857.0,6.0
3858.0,6.0
3864.0,5.0
3872.0,4.0
3873.0,7.0
3891.0,5.0
3909.0,5.0
3911.0,5.0
3944.0,4.0
3950.0,4.0
3956.0,5.0
3968.0,7.0
3983.0,8.0
3996.0,6.0
4004.0,5.0
4010.0,6.0
4019.0,7.0
4023.0,4.0
4031.0,6.0
4040.0,7.0
4053.0,6.0
4083.0,5.0
4085.0,5.0
4102.0,4.0
4105.0,5.0
4106.0,7.0
4127.0,6.0
4129.0,7.0
4132.0,6.0
4176.0,6.0
4177.0,7.0
4184.0,7.0
4189.0,7.0
4201.0,6.0
4216.0,7.0
4219.0,4.0
4226.0,6.0
4229.0,6.0
4231.0,6.0
4240.0,6.0
4246.0,7.0
4247.0,5.0
4308.0,5.0
4319.0,7.0
4344.0,7.0
4346.0,5.0
4349.0,8.0
4364.0,6.0
4374.0,8.0
4380.0,5.0
4386.0,6.0
4400.0,6.0
4410.0,8.0
4412.0,7.0
4456.0,8.0
4460.0,6.0
4462.0,7.0
4475.0,5.0
4484.0,8.0
4502.0,7.0
4513.0,6.0
4542.0,8.0
4578.0,7.0
4583.0,7.0
4585.0,7.0
4606.0,7.0
4642.0,5.0
4644.0,6.0
4650.0,5.0
4667.0,7.0
4668.0,4.0
4670.0,7.0
4683.0,6.0
4684.0,6.0
4695.0,6.0
4701.0,6.0
4702.0,7.0
4707.0,5.0
4708.0,5.0
4714.0,7.0
4721.0,8.0
4731.0,7.0
4733.0,7.0
4741.0,5.0
4742.0,5.0
4748.0,6.0
4761.0,7.0
4772.0,7.0
4776.0,5.0
4789.0,7.0
4794.0,6.0
4799.0,7.0
4808.0,6.0
4828.0,7.0
4854.0,6.0
4863.0,3.0
4871.0,6.0
4872.0,7.0
4882.0,8.0
4884.0,7.0
4885.0,6.0
4901.0,6.0
4918.0,6.0
4928.0,7.0
4968.0,7.0
4978.0,5.0
4980.0,6.0
4983.0,6.0
4985.0,8.0
4989.0,7.0
5010.0,7.0
5015.0,6.0
5021.0,6.0
5037.0,5.0
5045.0,5.0
5046.0,6.0
5057.0,7.0
5061.0,7.0
5071.0,6.0
5098.0,7.0
5140.0,7.0
5146.0,5.0
5152.0,6.0
5162.0,5.0
5167.0,6.0
5193.0,6.0
5243.0,6.0
5252.0,6.0
5270.0,7.0
5276.0,6.0
5277.0,5.0
5290.0,7.0
5322.0,7.0
5324.0,6.0
5328.0,5.0
5357.0,5.0
5362.0,7.0
5363.0,8.0
5389.0,6.0
5393.0,5.0
5395.0,7.0
5399.0,5.0
5401.0,5.0
5407.0,5.0
5442.0,7.0
5444.0,5.0
5448.0,6.0
5452.0,8.0
5453.0,8.0
5461.0,6.0
5464.0,7.0
5469.0,6.0
5478.0,6.0
5493.0,7.0
5495.0,6.0
5510.0,5.0
5520.0,5.0
5525.0,8.0
5527.0,6.0
5532.0,4.0
5535.0,7.0
5543.0,6.0
5548.0,5.0
5560.0,5.0
5562.0,6.0
5563.0,5.0
5572.0,4.0
5576.0,7.0
5586.0,6.0
5591.0,7.0
5592.0,7.0
5614.0,4.0
5616.0,7.0
5618.0,4.0
5624.0,8.0
5644.0,7.0
5652.0,7.0
5669.0,5.0
5700.0,5.0
5712.0,7.0
5724.0,6.0
5743.0,6.0
5748.0,7.0
5758.0,7.0
5767.0,7.0
5777.0,6.0
5782.0,8.0
5791.0,6.0
5809.0,6.0
5829.0,5.0
5834.0,5.0
5841.0,6.0
5855.0,5.0
5892.0,5.0
5906.0,6.0
5912.0,7.0
5929.0,5.0
5939.0,8.0
5951.0,6.0
5955.0,6.0
5965.0,6.0
5968.0,4.0
5971.0,6.0
5983.0,5.0
5993.0,7.0
5997.0,5.0
6003.0,5.0
6014.0,5.0
6022.0,6.0
6042.0,5.0
6051.0,5.0
6075.0,6.0
6084.0,7.0
6099.0,7.0
6105.0,6.0
6116.0,6.0
6119.0,6.0
6128.0,6.0
6132.0,6.0
6145.0,7.0
6168.0,6.0
6169.0,7.0
6179.0,6.0
6184.0,7.0
6190.0,6.0
6197.0,6.0
6203.0,6.0
6207.0,5.0
6212.0,5.0
6219.0,4.0
6232.0,6.0
6239.0,7.0
6242.0,5.0
6246.0,7.0
6263.0,7.0
6276.0,7.0
6283.0,8.0
6299.0,5.0
6309.0,7.0
6327.0,7.0
6335.0,6.0
6373.0,5.0
6379.0,6.0
6385.0,8.0
6427.0,5.0
6446.0,8.0
6456.0,6.0
6459.0,4.0
6465.0,6.0
6470.0,4.0
6473.0,7.0
6488.0,6.0
6490.0,6.0
