test_index,y_pred
18.0,-0.6694483294382056
49.0,-0.8593180510832834
57.0,-0.6873039405878192
65.0,-0.6401099968582571
69.0,-0.9649672831226861
76.0,-1.1390813482979727
84.0,-0.4040032336683499
85.0,-0.4162994502738737
118.0,-0.6531186721388273
128.0,-0.7868172374190259
140.0,-0.6942561735496451
155.0,-0.7064796405173634
166.0,-0.6502016107036841
208.0,-0.4005726564155676
229.0,-0.4685859001667971
230.0,-0.04694378817920503
263.0,-0.6329302352101784
269.0,-0.06301372370215752
275.0,-0.6598359371774567
279.0,-0.5881639904050573
281.0,-0.7544536922081804
286.0,-0.6354754451304228
290.0,-0.8798741081199406
297.0,-0.8008612999587825
300.0,-0.6720374379280774
303.0,-0.7895427377890005
304.0,-0.7594183366206622
307.0,-0.6648614552081025
342.0,-0.6552949523919462
344.0,-0.6755471617110356
349.0,-0.7683150724641479
353.0,-0.5731808358757835
360.0,-0.7104158333199848
383.0,-1.0735399126984737
406.0,-0.8081000004590848
424.0,-0.6948698338713912
426.0,-0.7891902295799227
440.0,-0.6076592320135505
445.0,-0.4551407483513907
482.0,-0.6076592320135505
489.0,-0.6983354237702386
494.0,-0.8428428257509983
497.0,-0.7104158333199848
503.0,-0.3591780741568504
508.0,-0.7905360930863061
530.0,-0.08250963903542805
538.0,-0.4652073674735195
547.0,-0.3874533007310159
553.0,-0.3452870643944958
560.0,-0.5370333132406184
561.0,-0.4738639604127144
575.0,-0.3546593716277737
589.0,-0.4629604644039951
596.0,-1.201472081660793
604.0,-0.4587423635418943
613.0,-0.539825761573411
617.0,-0.6001626247314285
618.0,-0.5518881074052722
620.0,-0.3797999825881302
629.0,-0.4918056553469014
630.0,-0.3957303359553297
643.0,-0.4053519923340491
647.0,-0.5485614469298081
649.0,-0.5926631952030448
657.0,-1.201472081660793
664.0,-0.769302166495228
668.0,-0.5032004875355565
669.0,-0.5698749452736127
690.0,-0.4776041418236652
707.0,-0.5160654620607694
714.0,-0.5919821186477545
719.0,-0.3728196664799501
782.0,-0.4535950889257876
786.0,-0.4545076147475075
788.0,-0.4188911072860328
802.0,-0.4256737757715036
811.0,-0.4034166266816914
821.0,-0.3771021451929641
834.0,-0.4971307429354468
841.0,-0.3935553414007664
843.0,-0.4802727227250756
844.0,-0.3871804356596904
856.0,-0.587294045387944
858.0,-1.201472081660793
890.0,-0.5535235098103275
891.0,-0.4401908194819945
916.0,-0.4912119549939771
941.0,-0.4112928916708558
958.0,-0.6392243240129556
961.0,-0.5001140388237157
964.0,-0.8321849839601168
968.0,-0.6911614255366043
986.0,-0.5574947600489555
998.0,-0.5332820388745976
1000.0,-0.4717513721898942
1009.0,-0.7560289025992422
1011.0,-0.5798061844641165
1014.0,-0.7126162078571312
1018.0,-0.4885809388057929
1024.0,-0.6579008443055496
1033.0,-0.6579008443055496
1042.0,-0.5076171100158788
1058.0,-0.6975407591387199
1084.0,-0.5528373820065404
1088.0,-0.481182993518507
1099.0,-0.6184695651946033
1125.0,-0.4729418463114481
1161.0,-0.7797604839230203
1179.0,-0.4674181088746376
1190.0,-0.7544536922081804
1196.0,-0.349870274999029
1198.0,-0.2480305801200106
1208.0,-0.3659148248800772
1210.0,-0.4148041351971088
1225.0,-0.4510710168603484
1226.0,-0.3948967146284552
1233.0,-0.03805839607336102
1235.0,-0.7043026747317311
1236.0,-0.3531488268137508
1241.0,-0.3302037153112707
1244.0,-0.5377473077816841
1260.0,-0.466740520724997
1272.0,-0.4730406246456109
1273.0,-0.5896393750198481
1295.0,-0.364509343271342
1298.0,-0.3167875138667053
1321.0,-0.4454898370373907
1322.0,-0.4013079019469554
1323.0,-0.3236974359436591
1340.0,-0.3236974359436591
1345.0,-0.364509343271342
1351.0,-0.05861471339422586
1352.0,-0.039481109357957934
1356.0,-0.039481109357957934
1359.0,-0.3489376819387235
1366.0,-0.4059446094359806
1385.0,-0.5686869547408708
1391.0,-0.5142240977251022
1393.0,-0.4427310750426318
1397.0,-0.621121418195802
1421.0,-0.6213580216654631
1422.0,-0.636671701837658
1423.0,-0.7055828481600503
1427.0,-0.479057040764518
1431.0,-0.6657771521025353
1442.0,-0.4114678546457906
1444.0,-0.6344815515700706
1448.0,-0.4748499593535271
1451.0,-0.5366118058620142
1462.0,-0.4510059581314518
1472.0,-0.5204143362338787
1475.0,-0.5366118058620142
1494.0,-0.4040032336683499
1497.0,-0.3346171296646698
1505.0,-0.6206025229507723
1506.0,-0.4669230175333876
1511.0,-0.3308660341456093
1545.0,-0.6018496399768924
1551.0,-0.4162994502738737
1562.0,-0.3630006275904058
1577.0,-0.06486526485266324
1582.0,-0.07246625070249957
1593.0,-0.1389875715975304
1602.0,-0.4657448666594632
1608.0,-0.11807556773878056
1611.0,-0.1539544089709599
1618.0,-0.4995504255563503
1626.0,-0.5652489870084398
1628.0,-0.5807108101165124
1655.0,-0.3759909339454976
1659.0,-0.318357729582436
1660.0,-0.3601371516672031
1670.0,-0.371519290037309
1672.0,-0.4587423635418943
1690.0,-0.4905611184352576
1694.0,-0.4954366361679785
1709.0,-0.5179793035595548
1712.0,-0.4194144024777575
1720.0,-0.3564851726126097
1730.0,-0.3452724044920163
1732.0,-0.5251523803572145
1745.0,-0.5640058496011431
1748.0,-0.6899642714640883
1752.0,-0.6899642714640883
1756.0,-0.6899642714640883
1763.0,-0.06340345211540697
1766.0,-0.718288169518047
1769.0,-0.7171452752838601
1779.0,-0.4428783702343466
1783.0,-0.9632992082273136
1786.0,-0.5542687750648039
1788.0,-0.4079624679691847
1803.0,-0.5860633666962798
1815.0,-0.5761125864459693
1833.0,-0.5640058496011431
1847.0,-0.542416781853019
1859.0,-0.868266709557691
1867.0,-1.0899150205438008
1868.0,-0.7315163899407686
1869.0,-0.8867397466823785
1872.0,-0.7374496405458437
1880.0,-0.7492289283027507
1889.0,-0.6948698338713912
1891.0,-0.6708117665567546
1913.0,-0.6565793730972977
1916.0,-0.8988417456002118
1929.0,-0.9750741469758069
1936.0,-0.6202792280095526
1953.0,-0.3741454972934281
1954.0,-0.3478341044673598
1956.0,-0.0519758253159012
1957.0,-0.04544863670968402
1961.0,-0.05913441408857558
1962.0,-0.05655413336270384
1972.0,-0.1389875715975304
1973.0,-0.09216457004609246
1977.0,-0.05088761940786002
1978.0,-0.3943662150401152
1988.0,-0.10120972070581757
2005.0,-0.7577339471150726
2018.0,-0.6557277071855303
2020.0,-0.5926999008734892
2031.0,-0.6872524266485964
2079.0,-0.6067903966550023
2108.0,-0.5773238362010922
2123.0,-0.5816073963733768
2127.0,-0.5796571105720325
2154.0,-0.7000115783442755
2157.0,-0.4436199176612971
2163.0,-0.5593464921422893
2164.0,-0.7455726363855444
2178.0,-0.3991761523462749
2213.0,-0.6886977132804297
2215.0,-0.8473065388710719
2216.0,-0.7597139934162751
2221.0,-0.6718151085990733
2230.0,-0.7134831735042297
2238.0,-0.6718151085990733
2254.0,-0.8761835104438855
2272.0,-0.7767058935246087
2274.0,-0.5881639904050573
2279.0,-1.0735399126984737
2287.0,-0.9885418542297764
2290.0,-0.8396996912105603
2293.0,-1.0134959346350223
2295.0,-0.8912492487707322
2302.0,-0.4952054212196852
2315.0,-0.931853942445482
2322.0,-0.8552549977133861
2330.0,-0.0149002228943801
2332.0,-0.3630006275904058
2364.0,-0.6023688140491963
2371.0,-0.022592111545951785
2376.0,-0.042261231861734125
2421.0,-0.6766040389375085
2423.0,-0.4711115456850034
2439.0,-0.6607644734417288
2441.0,-0.6231393429062795
2452.0,-0.7478053978495094
2458.0,-0.4711115456850034
2459.0,-0.979194752113477
2461.0,-0.7988521250843146
2464.0,-0.7845221917894154
2482.0,-0.6851508176743248
2525.0,-0.6535118737025494
2551.0,-0.5242234326369992
2582.0,-0.4616410922450642
2600.0,-0.7464328386136589
2620.0,-0.6580356601567976
2645.0,-0.91777242268358
2648.0,-0.0566186738057978
2650.0,-0.7563620747670097
2656.0,-0.5717148903920872
2657.0,-0.4183489543808436
2665.0,-0.7642560817555175
2674.0,-0.7112610043463317
2683.0,-0.6667403106465244
2703.0,-0.5796571105720325
2704.0,-0.7588689980610859
2711.0,-1.1390813482979727
2718.0,-0.7527160218806319
2721.0,-0.7563620747670097
2725.0,-0.91777242268358
2730.0,-0.73652758122671
2742.0,-0.6315321476419768
2756.0,-0.5575394325819367
2761.0,-0.6470278792472399
2764.0,-0.07776131196259373
2791.0,-0.5658247297111814
2816.0,-0.6428691691562172
2817.0,-0.8940194279727933
2843.0,-0.5659185087399781
2844.0,-0.4010636925519542
2848.0,-0.7883947056855121
2896.0,-1.1671797639984807
2916.0,-1.1671797639984807
2918.0,-0.4620610478055127
2923.0,-0.6672988549232919
2933.0,-0.5057900356759664
2943.0,-0.3766254093575352
2960.0,-0.774747098517798
2965.0,-0.5549330929954994
2998.0,-0.5968993123120185
3011.0,-0.7619055958830625
3029.0,-0.3589133749877309
3037.0,-0.0382088307281269
3054.0,-0.4435153697834426
3074.0,-0.4429748477158153
3087.0,-0.4714019527684936
3088.0,-0.6640016332137808
3091.0,-0.4675536117242185
