test_index,y_pred
48.0,28.941799999999997
65.0,18.20530000000002
66.0,19.480700000000017
81.0,9.505200000000007
84.0,12.884900000000005
86.0,17.125299999999992
87.0,18.0553
91.0,24.373599999999996
118.0,34.84289999999998
122.0,43.342400000000026
148.0,53.8283
151.0,14.773699999999984
155.0,20.17559999999999
162.0,32.248800000000045
172.0,60.23800000000003
199.0,72.45649999999992
203.0,26.33219999999999
207.0,33.7296
208.0,35.70750000000002
223.0,82.8195999999999
226.0,26.768800000000027
229.0,32.46820000000004
257.0,5.6573
258.0,6.473200000000004
261.0,9.865700000000011
282.0,7.304000000000006
296.0,29.194800000000033
306.0,8.265499999999998
309.0,11.564000000000007
313.0,17.9247
314.0,19.311500000000006
317.0,24.890399999999985
324.0,39.575899999999976
343.0,30.5753
348.0,42.43170000000002
350.0,8.323800000000004
354.0,12.217999999999995
372.0,47.69559999999999
386.0,27.847600000000007
403.0,19.221100000000003
417.0,47.86359999999999
418.0,50.21119999999997
437.0,41.787599999999976
445.0,65.27529999999997
446.0,67.3312
452.0,26.942300000000035
485.0,52.09270000000003
492.0,76.30000000000001
501.0,0.934299999999999
503.0,2.8596000000000026
508.0,7.666000000000004
516.0,16.967899999999982
522.0,22.374199999999973
524.0,24.29009999999998
528.0,28.09820000000001
548.0,12.3286
551.0,15.611100000000016
564.0,28.795000000000037
574.0,3.2307999999999986
580.0,9.268299999999988
595.0,25.32089999999999
604.0,35.97700000000004
636.0,34.410799999999966
639.0,38.57779999999999
678.0,49.32839999999998
687.0,14.679400000000005
688.0,16.686100000000025
693.0,22.253500000000013
702.0,36.26899999999998
709.0,46.7241
722.0,17.37229999999998
726.0,23.636299999999995
727.0,24.507499999999972
757.0,82.9066
779.0,61.022800000000004
804.0,45.7578
813.0,65.71340000000004
821.0,84.9192999999999
825.0,98.15039999999992
831.0,118.76580000000014
834.0,39.12320000000002
838.0,48.46010000000003
845.0,67.29409999999996
847.0,75.27079999999992
848.0,77.51099999999992
880.0,11.384599999999999
887.0,20.988200000000017
919.0,25.540500000000034
922.0,30.328100000000003
947.0,24.082199999999997
954.0,36.23700000000002
969.0,13.71149999999999
982.0,37.37340000000004
987.0,47.38990000000004
988.0,47.82470000000003
997.0,14.022800000000007
1005.0,28.11449999999999
1017.0,54.65439999999994
1025.0,13.716999999999992
1027.0,16.804999999999986
1036.0,35.11350000000001
1040.0,44.55199999999999
1065.0,38.5206
1070.0,52.16430000000003
1074.0,64.38130000000002
1081.0,83.97119999999995
1093.0,40.20079999999996
1098.0,51.34730000000004
1099.0,52.82040000000002
1101.0,61.4018000000001
1104.0,72.37899999999989
1125.0,50.07380000000001
1126.0,53.1249
1130.0,67.93250000000009
1143.0,113.6390000000002
1152.0,50.46479999999999
1158.0,70.85349999999998
1164.0,95.24520000000004
1168.0,112.28730000000002
1173.0,135.79359999999986
1176.0,141.69850000000008
1189.0,8.4792
1191.0,11.487200000000005
1211.0,6.796399999999995
1216.0,14.148499999999997
1235.0,8.606499999999997
1244.0,23.2663
1278.0,51.920300000000026
1280.0,9.282199999999996
1292.0,28.292099999999976
1294.0,33.33659999999999
1311.0,21.59319999999998
1322.0,50.086399999999976
1354.0,86.37889999999994
1381.0,31.435799999999983
1390.0,53.522499999999944
1391.0,61.03420000000006
1397.0,85.55029999999988
1407.0,41.104000000000006
1410.0,49.131600000000056
1417.0,75.25630000000005
1425.0,112.52669999999996
1467.0,16.975099999999976
1471.0,24.3846
1502.0,45.288300000000056
1505.0,7.6067000000000125
1507.0,9.117899999999999
1521.0,35.01780000000005
1545.0,39.57280000000001
1548.0,47.97710000000007
1552.0,62.11659999999992
1559.0,20.935599999999994
1564.0,31.205599999999993
1574.0,60.79210000000006
1582.0,23.666
1601.0,79.36479999999993
1603.0,89.8552000000001
1607.0,28.605999999999984
1687.0,5.105899999999997
1717.0,11.754300000000006
1749.0,25.688599999999973
1753.0,34.41240000000003
1767.0,17.315899999999978
1787.0,14.272699999999988
1789.0,17.04100000000001
1812.0,18.031200000000002
1832.0,15.57939999999999
1836.0,20.588899999999988
1840.0,27.494899999999987
1848.0,46.89429999999997
1850.0,52.92340000000001
1860.0,24.5732
1872.0,52.95039999999998
1875.0,59.63329999999999
1893.0,49.46440000000001
1903.0,78.94149999999993
1917.0,53.2147
1928.0,89.80629999999991
1929.0,90.91659999999993
1932.0,1.7705999999999984
1947.0,18.132700000000014
1961.0,7.267499999999999
1982.0,5.329600000000004
1986.0,9.602499999999996
1992.0,17.502599999999994
1993.0,19.442899999999987
1996.0,24.936799999999984
2000.0,31.450399999999977
2022.0,32.4962
2024.0,35.92129999999999
2042.0,25.75779999999999
2044.0,30.338199999999986
2063.0,24.716100000000015
2064.0,25.84929999999999
2068.0,34.10379999999997
2078.0,64.45560000000005
2096.0,50.330300000000044
2132.0,30.238200000000024
2164.0,56.51520000000003
2170.0,74.90629999999997
2175.0,90.54629999999993
2180.0,0.43630000000000074
2194.0,16.396800000000006
2202.0,30.243199999999998
2205.0,2.7500000000000004
2208.0,5.632799999999994
2209.0,6.659600000000001
2225.0,30.323599999999985
2226.0,34.949300000000015
2241.0,19.540699999999987
2243.0,23.357
2248.0,33.023800000000044
2251.0,41.14270000000002
2261.0,15.610300000000006
2266.0,24.146900000000002
2272.0,37.03160000000001
2283.0,15.084900000000005
2299.0,48.29610000000003
2302.0,55.4406
2311.0,25.44320000000002
2322.0,50.3367
2332.0,22.535500000000003
2371.0,64.84230000000001
2373.0,72.57699999999998
2374.0,77.0104999999999
2376.0,83.3165999999999
2379.0,95.37510000000007
2397.0,82.72730000000006
2419.0,80.30459999999995
2436.0,10.642600000000002
2440.0,15.844899999999981
2441.0,17.634799999999984
2443.0,19.921199999999978
2451.0,28.545799999999968
2475.0,20.36629999999996
2480.0,28.14360000000001
2486.0,33.74780000000001
2488.0,35.12179999999997
2494.0,7.360899999999997
2496.0,9.081599999999991
2500.0,15.209299999999995
2521.0,42.25480000000003
2526.0,11.503499999999992
2533.0,21.968200000000024
2556.0,14.349200000000005
2558.0,17.518700000000006
2579.0,53.51270000000004
2581.0,55.03330000000003
2583.0,57.146800000000056
2584.0,57.73220000000008
2590.0,23.44580000000001
2594.0,30.411600000000004
2597.0,36.65199999999996
2603.0,49.784200000000034
2658.0,50.94639999999995
2689.0,59.93869999999996
2697.0,81.51280000000006
2707.0,107.81220000000005
2718.0,61.78620000000004
2725.0,85.7219
2728.0,94.66019999999995
2731.0,99.50119999999994
2735.0,112.46999999999987
2738.0,124.03359999999975
2740.0,-4.026500000000002
2750.0,5.674400000000002
2752.0,7.863200000000005
2758.0,13.656800000000025
2765.0,21.465299999999985
2770.0,27.158599999999964
2772.0,29.67460000000002
2775.0,34.120500000000014
2785.0,2.4076999999999997
2790.0,6.095099999999998
2794.0,9.441900000000002
2810.0,26.08859999999999
2817.0,34.368199999999995
2823.0,3.5158999999999994
2824.0,4.3012000000000015
2833.0,10.383899999999999
2842.0,16.979499999999994
2857.0,33.0357
2867.0,7.601799999999995
2869.0,8.897199999999996
2881.0,17.705999999999996
2886.0,22.71119999999999
2887.0,23.22309999999999
2892.0,28.951
2933.0,35.13669999999999
2939.0,43.76449999999997
2944.0,51.00330000000002
2970.0,35.372199999999964
2990.0,18.010899999999996
3007.0,37.09189999999998
3040.0,35.67469999999995
3046.0,45.51259999999998
3049.0,51.65549999999999
3052.0,57.65869999999996
3055.0,64.80839999999998
3075.0,28.523899999999973
3117.0,35.185
3127.0,58.77239999999999
3129.0,61.991499999999995
3149.0,136.60870000000006
3161.0,9.793099999999999
3164.0,13.475100000000003
3185.0,36.549699999999994
3189.0,40.46640000000004
3209.0,19.068399999999993
3230.0,42.39210000000005
3245.0,15.606100000000012
3250.0,21.433200000000028
3258.0,30.95979999999999
3270.0,46.19409999999999
3280.0,12.027099999999995
3291.0,24.776699999999995
3309.0,50.72460000000004
3320.0,14.936899999999987
3336.0,36.19220000000003
3337.0,37.839400000000026
3342.0,45.90809999999997
3350.0,60.92329999999998
3362.0,20.2004
3367.0,26.6621
3373.0,36.38639999999997
3382.0,52.32249999999999
3385.0,58.78550000000005
3392.0,72.40969999999999
3394.0,75.41780000000007
3395.0,75.56380000000007
3397.0,18.234199999999984
3406.0,30.767499999999995
3407.0,32.0227
3417.0,50.51439999999996
3428.0,75.03249999999998
3443.0,32.442799999999984
3446.0,37.85500000000001
3459.0,70.15920000000008
3460.0,72.50960000000005
3483.0,34.10179999999997
3497.0,68.0
3515.0,123.30509999999984
3516.0,133.35809999999984
3535.0,69.65479999999994
3539.0,84.69149999999982
3549.0,121.84020000000001
3555.0,146.6318
3557.0,149.52689999999978
3566.0,-0.41929999999999995
3580.0,24.933199999999985
3587.0,36.68610000000001
3588.0,39.172599999999996
3609.0,9.033800000000012
3618.0,20.942800000000002
3622.0,27.418400000000002
3625.0,32.48749999999998
3626.0,33.35889999999998
3634.0,45.62679999999996
3636.0,49.17440000000005
3642.0,4.5204999999999975
3645.0,7.5948
3670.0,37.59669999999995
3673.0,42.72429999999998
3682.0,56.54220000000007
3686.0,11.496599999999992
3718.0,56.302600000000005
3727.0,17.372200000000007
3739.0,31.156099999999984
3748.0,45.42609999999999
3749.0,47.22569999999998
3783.0,44.0837
3786.0,50.976600000000055
3787.0,51.75520000000005
3803.0,86.40220000000006
3814.0,35.58350000000006
3815.0,37.3954
3826.0,60.51019999999994
3832.0,77.22670000000006
3848.0,31.36759999999996
3854.0,43.731
3861.0,60.1138
3875.0,106.76889999999989
3880.0,127.24959999999979
3885.0,147.96150000000011
3901.0,64.65740000000004
3905.0,81.0755
3932.0,43.52750000000001
3933.0,47.313900000000004
3937.0,58.74260000000006
3945.0,92.37880000000004
3957.0,144.78270000000023
3959.0,157.9764000000001
3961.0,171.23740000000006
3969.0,211.7345999999997
3976.0,6.687499999999997
3990.0,26.92689999999998
3992.0,29.993799999999986
4001.0,41.29209999999999
4016.0,13.845600000000006
4018.0,16.88200000000002
4025.0,25.97650000000002
4032.0,35.35299999999998
4042.0,51.65079999999996
4052.0,13.307000000000002
4065.0,35.68600000000002
4071.0,44.672999999999995
4076.0,51.9781
4090.0,20.08569999999999
4095.0,27.933300000000003
4109.0,53.29869999999995
4114.0,62.943100000000044
4120.0,12.09550000000001
4124.0,19.98099999999999
4140.0,52.77969999999996
4141.0,55.330299999999994
4144.0,60.64839999999992
4161.0,26.062600000000028
4163.0,29.052200000000013
4164.0,30.350200000000005
4169.0,40.59939999999995
4175.0,53.568199999999926
4198.0,33.75239999999998
4200.0,37.53490000000003
4210.0,60.93540000000004
4221.0,90.96090000000005
4222.0,94.88310000000003
4254.0,95.88290000000002
4266.0,43.7821
4273.0,60.88549999999997
4275.0,64.7256
4277.0,71.71739999999994
4284.0,90.89340000000006
4305.0,55.98990000000001
4311.0,72.16890000000008
4332.0,154.49090000000015
4343.0,0.32769999999999994
4354.0,21.052599999999998
4366.0,43.60819999999997
4372.0,55.13330000000005
4376.0,63.484800000000014
4378.0,67.17430000000006
4409.0,51.420799999999964
4421.0,73.90209999999993
4433.0,26.350800000000007
4453.0,61.043100000000024
4466.0,21.079299999999986
4468.0,23.714799999999972
4507.0,30.046499999999952
4518.0,45.03589999999995
4524.0,54.694700000000005
4537.0,88.52600000000011
4551.0,40.85050000000006
4566.0,71.00860000000003
4568.0,75.96710000000002
4574.0,93.8248
4587.0,43.75239999999999
4597.0,62.18720000000001
4598.0,63.779299999999964
4631.0,54.11570000000004
4669.0,56.62050000000002
4681.0,90.06309999999998
4689.0,125.4449
4698.0,182.40489999999997
4709.0,-3.2156999999999987
4723.0,9.522900000000002
4724.0,10.198800000000022
4732.0,17.668300000000002
4734.0,19.100500000000018
4736.0,21.923
4752.0,1.0928000000000002
4757.0,4.1229000000000005
4760.0,6.514200000000001
4762.0,8.017400000000002
4771.0,15.943100000000017
4773.0,17.485600000000012
4777.0,21.156000000000002
4812.0,17.44970000000002
4840.0,8.855299999999994
4844.0,11.769200000000001
4845.0,12.909400000000003
4867.0,32.376499999999986
4883.0,13.085400000000009
4893.0,22.5803
4911.0,42.69190000000004
4915.0,11.109300000000003
4934.0,26.964799999999986
4958.0,15.247799999999984
4964.0,19.699499999999983
4988.0,56.75650000000008
4992.0,64.30359999999997
5003.0,23.832000000000004
5007.0,28.591600000000003
5011.0,32.71200000000002
5027.0,66.63159999999995
5053.0,40.92180000000003
5055.0,44.349400000000024
5065.0,68.68010000000005
5073.0,91.29020000000004
5077.0,101.10999999999999
5085.0,31.559000000000005
5087.0,34.61769999999999
5109.0,88.30409999999996
5111.0,99.7623999999999
5138.0,19.817100000000014
5149.0,30.48720000000001
5157.0,1.682700000000001
5158.0,3.084099999999998
5171.0,16.562799999999996
5176.0,21.75940000000001
5185.0,31.520599999999988
5190.0,36.75389999999999
5192.0,38.22719999999998
5201.0,10.653500000000003
5210.0,21.50810000000001
5211.0,22.642800000000012
5215.0,26.089199999999973
5227.0,41.000799999999956
5230.0,4.449300000000001
5235.0,9.830799999999993
5244.0,20.188000000000024
5247.0,24.288599999999988
5265.0,49.57529999999998
5281.0,24.503800000000016
5285.0,31.079199999999993
5298.0,50.74709999999998
5303.0,61.57909999999996
5315.0,26.623900000000003
5317.0,29.217300000000044
5322.0,37.364999999999995
5329.0,48.90110000000005
5335.0,59.91210000000003
5336.0,62.7592
5360.0,46.906000000000006
5368.0,63.508300000000034
5398.0,58.75070000000005
5408.0,81.17189999999995
5419.0,37.02059999999997
5441.0,87.36570000000012
5461.0,57.58
5467.0,70.93309999999988
5470.0,79.66319999999996
5484.0,118.7591999999998
5487.0,130.62539999999998
5490.0,3.3754000000000017
5492.0,6.148000000000009
5495.0,9.415700000000003
5497.0,12.6455
5517.0,38.90680000000005
5526.0,1.4025000000000014
5535.0,13.6945
5539.0,19.62440000000001
5540.0,20.706199999999985
5544.0,26.304300000000016
5545.0,27.958600000000036
5555.0,40.69350000000003
5561.0,51.125099999999996
5577.0,22.6223
5585.0,34.28300000000004
5602.0,7.959100000000002
5611.0,22.53329999999999
5616.0,29.309399999999993
5638.0,10.654499999999999
5641.0,15.867200000000018
5648.0,28.953099999999985
5649.0,30.519399999999973
5652.0,34.181500000000014
5666.0,60.319500000000026
5670.0,68.97219999999992
5676.0,18.817699999999984
5694.0,50.443099999999966
5698.0,59.5678
5700.0,63.608100000000015
5710.0,89.30209999999997
5724.0,46.5514
5728.0,56.4862
5739.0,85.69739999999996
5745.0,99.71600000000007
5785.0,41.353699999999996
5797.0,67.546
5816.0,135.52179999999996
5817.0,140.38870000000009
5819.0,150.74419999999995
5820.0,155.0468999999999
5824.0,53.35059999999993
5829.0,66.55290000000002
5851.0,150.01419999999996
5885.0,44.75819999999998
5898.0,4.4659999999999975
5904.0,15.008199999999997
5916.0,34.956599999999995
5924.0,49.544399999999975
5943.0,17.912600000000012
5944.0,21.115799999999993
5946.0,24.98030000000001
5956.0,45.7858
5965.0,62.84379999999994
5978.0,18.24849999999999
6004.0,76.25410000000004
6016.0,26.783000000000012
6026.0,50.83939999999997
6030.0,62.607199999999985
6058.0,46.37159999999999
6062.0,57.01190000000001
6064.0,59.6917
6065.0,66.39050000000005
6069.0,81.50439999999989
6074.0,96.90129999999992
6082.0,27.040900000000047
6099.0,73.62509999999996
6100.0,79.69999999999993
6102.0,83.49570000000006
6117.0,132.64419999999976
6130.0,66.8748
6144.0,118.0414999999998
6149.0,137.02710000000008
6150.0,140.92060000000012
6153.0,152.4642000000002
6157.0,54.34450000000001
6183.0,148.15629999999987
6185.0,157.2696999999999
6190.0,180.65669999999997
6198.0,77.79060000000013
6207.0,111.17929999999991
6227.0,211.15070000000037
6238.0,5.412300000000004
6240.0,7.1964999999999915
6252.0,2.752600000000001
6260.0,7.758699999999989
6265.0,11.981900000000005
6276.0,7.488499999999999
6283.0,16.237399999999997
6297.0,12.406199999999998
6310.0,6.0297999999999945
6324.0,4.249799999999994
6327.0,6.586599999999996
6339.0,25.210000000000015
6354.0,18.750499999999988
6357.0,25.187800000000006
6360.0,31.589500000000008
6361.0,33.569900000000004
6364.0,9.442799999999998
6368.0,16.203799999999987
6378.0,36.227600000000045
6380.0,42.19670000000006
6386.0,14.911999999999988
6401.0,0.38360000000000016
6405.0,2.0557000000000025
6414.0,5.858900000000001
6458.0,9.65720000000001
6496.0,11.293499999999996
6512.0,1.7029000000000007
6516.0,3.803499999999999
6522.0,6.9496999999999955
6523.0,7.279999999999998
6535.0,13.863500000000005
6537.0,14.87570000000002
6538.0,15.148900000000012
6539.0,15.565700000000016
6540.0,16.34380000000002
6552.0,4.906099999999994
6559.0,9.237399999999994
6567.0,13.339200000000007
6575.0,19.269400000000005
6593.0,8.144499999999988
6604.0,15.79539999999999
6606.0,18.182000000000002
6607.0,18.428100000000008
6636.0,15.55189999999998
6637.0,17.300299999999982
6638.0,17.915799999999987
6649.0,28.232400000000013
6654.0,33.055400000000006
6657.0,37.32179999999998
6658.0,37.99289999999999
6673.0,18.806400000000007
6676.0,22.009200000000018
6683.0,28.6525
6697.0,13.27410000000001
6703.0,17.8089
6743.0,23.67969999999999
6746.0,26.49160000000002
6747.0,27.959699999999998
6752.0,35.02199999999996
6755.0,37.852699999999984
6758.0,41.953600000000016
6761.0,45.735299999999995
6763.0,48.914199999999965
6767.0,56.36699999999994
6775.0,7.214899999999997
6784.0,18.57820000000003
6799.0,19.783699999999993
6801.0,4.175500000000005
6819.0,11.383100000000022
6831.0,9.21579999999999
6840.0,27.08499999999997
6849.0,18.909599999999966
6856.0,35.98950000000004
6868.0,34.13270000000004
6873.0,50.328399999999945
6878.0,26.754399999999972
6881.0,35.04709999999994
6926.0,8.736499999999989
6931.0,15.848399999999979
6940.0,10.323300000000012
6946.0,21.320899999999984
6950.0,5.147899999999996
6952.0,7.9788999999999985
6973.0,22.942400000000003
6975.0,26.992199999999976
6980.0,11.434099999999987
6997.0,19.206799999999994
7003.0,34.174700000000044
7021.0,52.70180000000004
7085.0,10.283700000000012
7091.0,21.293399999999984
7099.0,34.2623
7109.0,20.833300000000005
7116.0,36.098700000000036
7129.0,25.53469999999999
7136.0,42.79759999999998
7165.0,26.335999999999995
7176.0,59.151299999999964
7178.0,64.47589999999997
7192.0,56.78630000000002
7194.0,65.57759999999996
7201.0,27.43779999999997
7203.0,32.9551
7205.0,38.66109999999995
7241.0,1.6559000000000004
7311.0,29.160600000000013
7316.0,42.98919999999998
7324.0,18.87849999999997
7325.0,20.77519999999997
7332.0,38.97829999999999
7338.0,56.585999999999984
7361.0,22.013600000000014
7367.0,36.89590000000003
7374.0,66.44359999999998
7390.0,55.734100000000026
7395.0,76.15130000000016
