test_index,y_pred
2.0,-0.8507411804915996
15.0,-0.7266932663926919
37.0,-0.68776808621294
39.0,-0.6983091092847374
53.0,-0.6384748084693539
61.0,-0.7834691696943142
72.0,-0.6155933105663328
97.0,-0.5794939000018722
101.0,-0.6608568799959949
107.0,-0.5404516135614372
136.0,-0.6779906802822403
145.0,-0.4561423110517577
148.0,-0.5951478666506199
159.0,-0.5246337621095293
169.0,-0.7248915010467986
171.0,-0.8632920315176531
182.0,-0.8354863647676481
187.0,-0.5499520789508028
215.0,-0.5418487623616748
217.0,-0.3534230195116604
244.0,-0.26959477087791767
250.0,-0.35436555546685944
258.0,-0.5034644704045228
265.0,-0.35768180847415376
271.0,-0.36729633756103874
274.0,-0.36653057207369555
292.0,-0.7021277189544352
295.0,-0.8133106568219421
310.0,-0.6009660869628839
323.0,-0.7572113952290757
328.0,-0.7159543177549852
334.0,-0.7628622765753537
338.0,-0.7368406084548015
339.0,-0.6920868381232748
348.0,-0.8326738682715374
363.0,-0.7203481245517779
371.0,-0.8031729482581416
376.0,-0.9411778473223068
390.0,-0.9742132904736047
398.0,-0.8339642036055558
401.0,-1.0673292837878332
405.0,-0.7154721453433801
413.0,-0.7768393861651642
431.0,-0.6715184912009887
453.0,-0.8604138865176084
465.0,-0.8005604215916418
476.0,-0.9294538085534665
481.0,-0.9090726155892588
505.0,-0.9991867496825011
545.0,-0.21887700363248652
576.0,-0.5305557070841017
579.0,-0.5288556834820038
584.0,-0.4321170195462706
593.0,-0.4781987553208541
614.0,-0.5659586623675221
619.0,-0.4940656656847917
628.0,-0.5576023136048176
634.0,-0.4998819400740107
660.0,-0.5469737055904813
687.0,-0.49115265184356377
692.0,-0.5677140449419127
696.0,-0.46667024370124643
697.0,-0.5826094603026147
704.0,-0.510154081805433
710.0,-0.48896533419913624
712.0,-0.5908169557558806
721.0,-0.45838334517246615
726.0,-0.5008380763616624
737.0,-0.5533354252505168
738.0,-0.588003425654188
743.0,-0.5712784638792858
752.0,-0.44908852233463586
757.0,-0.5117673321691105
771.0,-0.476976648864639
780.0,-0.5802568290629262
806.0,-0.4374433813586197
816.0,-0.49385093420337256
818.0,-0.4557346351701389
824.0,-0.5084264575921642
826.0,-0.4510949371221026
849.0,-0.39516123788676494
865.0,-0.49473160821462925
892.0,-0.2868567095471351
893.0,-0.4643756137904621
913.0,-0.5948276684236836
925.0,-0.5249241701438834
934.0,-0.46649019719426194
948.0,-0.355132250942377
963.0,-0.6040087338245987
974.0,-0.6124679485607244
981.0,-0.8161029856490908
982.0,-0.6433978268052412
983.0,-0.5130709514238836
985.0,-0.7036551883719392
994.0,-0.7787979626249751
1039.0,-0.6818576342915733
1043.0,-0.6673210022819149
1067.0,-0.6124193423386853
1070.0,-0.6781730688037364
1085.0,-0.6726841178539642
1104.0,-0.6425206768601177
1109.0,-0.6081728569415045
1112.0,-0.6820449096562313
1121.0,-0.512630770359135
1131.0,-0.520104855355026
1137.0,-0.5726994986881915
1163.0,-0.7323113894938704
1164.0,-0.8285417729716075
1165.0,-0.7083014632562371
1171.0,-0.699736122069579
1175.0,-0.833169617366171
1182.0,-0.5134036706078842
1193.0,-0.5545715227352582
1194.0,-0.35744460148214807
1199.0,-0.37899068907359335
1223.0,-0.5664398922299141
1266.0,-0.6409663815976048
1274.0,-0.5736614801751608
1284.0,-0.3665340243153972
1290.0,-0.356340686952157
1315.0,-0.23822618139227006
1325.0,-0.3775206923619033
1333.0,-0.2893935534203882
1339.0,-0.26707164907495723
1341.0,-0.3706753961394849
1355.0,-0.3377849426717612
1380.0,-0.7428691552860898
1386.0,-0.5731026528331655
1389.0,-0.6130072851675307
1418.0,-0.5696364646948766
1420.0,-0.6133379944481524
1449.0,-0.5049671376174825
1452.0,-0.5338216483544528
1463.0,-0.39924682820812685
1466.0,-0.5031003276314688
1486.0,-0.4908216983850714
1490.0,-0.5133142146193326
1501.0,-0.501485627205222
1508.0,-0.4845232554404153
1513.0,-0.49324189321906253
1514.0,-0.46074793812572085
1521.0,-0.4843661176777324
1524.0,-0.5142793218717907
1530.0,-0.6023762998511822
1535.0,-0.46634027882324636
1539.0,-0.5569568631200953
1544.0,-0.45907960589206526
1550.0,-0.4298984310267647
1560.0,-0.5302051903255945
1561.0,-0.4265607583734738
1564.0,-0.2813298480712733
1565.0,-0.43424562891857094
1587.0,-0.4847300257805722
1592.0,-0.47041231255653715
1594.0,-0.49686882264268917
1596.0,-0.30298080472780275
1598.0,-0.2848696203493334
1607.0,-0.46104649957727667
1615.0,-0.17415893395218612
1640.0,-0.5661578042518574
1674.0,-0.30189018585624205
1684.0,-0.36634552019627015
1689.0,-0.5153421393308009
1728.0,-0.5545532904928772
1739.0,-0.6757424177335343
1742.0,-0.7201074335552635
1749.0,-0.6831445759489838
1762.0,-0.8111157827012507
1770.0,-0.822898196283889
1775.0,-0.4248474183878688
1777.0,-0.5744156531930933
1807.0,-0.5439646526483543
1808.0,-0.5770817123928337
1812.0,-0.5416041452011362
1813.0,-0.8538762368808772
1835.0,-0.5682735544682884
1845.0,-0.5998624115548268
1849.0,-0.5894564982809241
1873.0,-0.6023254146926824
1897.0,-0.8601012208445196
1902.0,-0.7958256089862104
1909.0,-0.9034287318088866
1912.0,-0.7628107824707712
1921.0,-0.8440180062595249
1925.0,-0.8203784157419189
1938.0,-0.6745510155271475
1947.0,-0.7629025194655735
1971.0,-0.29570673945427917
1980.0,-0.3739095063843341
1993.0,-0.17945137491856303
1995.0,-0.17706970632288832
2008.0,-0.6287043239521732
2011.0,-0.6237838901941342
2015.0,-0.6428041602480701
2029.0,-0.6498385806589718
2034.0,-0.6356315998113568
2051.0,-0.6243015415975526
2054.0,-0.6357678969345519
2057.0,-0.5509586786630669
2058.0,-0.5570552302731636
2067.0,-0.547657287082196
2078.0,-0.5802230325323599
2087.0,-0.569155741875649
2095.0,-0.5395933751141084
2117.0,-0.6444122815417892
2124.0,-0.6514427011473074
2129.0,-0.5855701298608172
2153.0,-0.7095261896900598
2159.0,-0.6387538417881464
2185.0,-0.4951554899216271
2186.0,-0.4644436492819192
2188.0,-0.33245177626526995
2189.0,-0.5068975921430802
2209.0,-0.6546565647316788
2211.0,-0.6736016663167431
2219.0,-0.7270528354777062
2247.0,-0.6294283269783737
2250.0,-0.744544423667438
2266.0,-0.682798612190972
2282.0,-0.6578715984238446
2284.0,-0.8399692563322964
2297.0,-0.9132020057908177
2298.0,-1.1109655161039544
2309.0,-0.947207063171053
2325.0,-0.4041426240980172
2329.0,-0.3670224025849745
2341.0,-0.347434343447172
2348.0,-0.316439497579732
2355.0,-0.3534066640148918
2356.0,-0.4674978560721678
2357.0,-0.16208644846316123
2359.0,-0.17387723547075928
2360.0,-0.18594365327379245
2372.0,-0.3890984486254574
2410.0,-0.7122091060906616
2426.0,-0.7323448127794686
2429.0,-0.6673200273184741
2470.0,-0.5910188506009677
2475.0,-0.8365441521880305
2495.0,-0.6835996671158373
2497.0,-0.7472496632066044
2509.0,-0.784583792427826
2517.0,-0.571819981400069
2519.0,-0.5951442273471419
2528.0,-0.541386538919422
2530.0,-0.8482519733755833
2531.0,-0.5917324166931774
2538.0,-0.5898186523605722
2540.0,-0.5738639212815428
2554.0,-0.8292452430330488
2575.0,-0.7411660454896236
2580.0,-0.549063097449153
2586.0,-0.7618901901441675
2590.0,-0.5061852433700056
2593.0,-0.6945592430192427
2597.0,-0.7004684892936466
2602.0,-0.17137006317976694
2606.0,-0.24863050416727592
2614.0,-0.5865311830084006
2622.0,-0.5949156464537271
2629.0,-0.588167428279322
2633.0,-0.5232981918644162
2646.0,-0.8268865881884209
2647.0,-0.6638447910857922
2653.0,-0.651183433244898
2654.0,-0.8318906904446962
2668.0,-0.7750275625467167
2672.0,-0.722682953570428
2688.0,-0.6713037045275874
2706.0,-0.23402293036801583
2743.0,-0.16480499861189005
2744.0,-0.5323098161024703
2748.0,-0.401648343638469
2754.0,-0.20777265529511824
2782.0,-0.8315721155448978
2785.0,-0.6619077369880073
2797.0,-0.8125219306995056
2826.0,-0.825955210399945
2834.0,-0.7739194800302535
2836.0,-0.6366736396290602
2855.0,-0.72445750704844
2866.0,-0.7560372429220446
2868.0,-0.7111647379841999
2869.0,-0.6921938711720139
2883.0,-0.9356403391425463
2890.0,-0.7795313731483693
2891.0,-0.7417888892196636
2895.0,-0.7782745069840539
2902.0,-0.7833846549498951
2913.0,-0.8508833450537236
2920.0,-0.6345653147277968
2926.0,-0.5705009688880448
2936.0,-0.6139039923023762
2940.0,-0.5279677959467002
2948.0,-0.5277229694830357
2949.0,-0.45223832552794124
2987.0,-0.6672024653215998
2989.0,-0.6762546346002118
2993.0,-0.5513303604059508
2994.0,-0.6840913545392604
3004.0,-0.567980764152008
3009.0,-0.5602268858637693
3049.0,-0.4104825835834358
3057.0,-0.4438166704973323
3064.0,-0.404545553661082
3071.0,-0.4044088280408465
3072.0,-0.3845988370019107
3078.0,-0.4306997074137618
3079.0,-0.4076034759177814
3093.0,-0.42362870505918115
3104.0,-0.533197903267815
