test_index,y_pred
3.0,1.773825914821815
5.0,3.778415468940148
9.0,7.787594577176707
54.0,3.7992973178725666
55.0,5.085328490430742
66.0,19.231671388570852
77.0,-3.9769879884274655
94.0,25.60430372590787
117.0,30.32352291345468
125.0,2.6700041733620754
126.0,5.631061368612977
133.0,21.95478081594773
137.0,30.021842503341972
164.0,39.085892369743775
201.0,18.479245655911782
223.0,79.09408266066443
224.0,81.76369799821772
232.0,43.79755724521523
235.0,54.583659710888995
242.0,77.17585680085251
249.0,95.7333868069402
255.0,2.828274370143065
260.0,7.8397482554388365
280.0,2.93385133320392
285.0,8.573992037265834
302.0,3.042803486267358
320.0,24.766933210964524
327.0,5.150786302599387
341.0,24.018104195654814
345.0,29.402994141384667
357.0,11.597037928558665
362.0,20.27997857706265
364.0,23.75315483646419
375.0,-0.41068290056283113
384.0,22.126805739337968
385.0,24.045203559690535
388.0,29.800397020748292
404.0,18.981645791374277
419.0,53.309601169746074
455.0,30.449913740775642
467.0,66.14271131887348
470.0,74.18625030820836
477.0,26.39612341040585
499.0,98.11487549504496
504.0,3.52902180084938
510.0,10.52576812021144
513.0,14.024141279892676
523.0,25.685385145496156
525.0,28.017633918616795
536.0,40.84500217078066
539.0,2.7426063598065316
603.0,37.80242117386709
638.0,42.62569346838518
645.0,50.94601297623319
666.0,37.46235133135747
667.0,38.81001689514716
671.0,44.01281835043086
673.0,46.60166627919237
688.0,10.644081821594868
713.0,61.8586999127253
716.0,68.10091778686963
722.0,6.701039572123124
723.0,9.56372916587823
760.0,19.15154961943331
768.0,41.94099925653144
770.0,48.00917287476763
774.0,62.073394338644576
793.0,112.6260737786261
797.0,24.211877613221773
814.0,85.63815714774735
822.0,108.54930256172362
823.0,111.23344214490403
827.0,121.97000047762602
832.0,135.3906983935282
846.0,76.49431297560888
872.0,2.6185459931576833
894.0,27.19917049007583
899.0,33.02979242287762
901.0,1.3294817660707723
914.0,15.993847596631896
918.0,20.505960159881397
919.0,21.63398830069383
922.0,25.018072723131034
924.0,27.27412900475582
928.0,31.786241568005394
943.0,19.256930021568095
946.0,22.70494031629263
950.0,27.302994880240263
951.0,28.521114720047574
966.0,11.624614299452562
984.0,35.59384129252997
989.0,42.179300051648795
992.0,46.13057530712009
1063.0,33.16720691131188
1065.0,38.864569320586426
1077.0,63.3461629434362
1118.0,20.604423274560716
1120.0,26.520617824925196
1141.0,95.11178458107578
1145.0,105.83650323352221
1155.0,52.104917699115006
1160.0,70.23227488168534
1169.0,101.84842741349435
1202.0,25.686760886836424
1205.0,1.3197553040558334
1214.0,12.580894290880268
1217.0,16.25959981014728
1248.0,26.639113524825454
1250.0,28.895169806450223
1252.0,31.151226088075042
1254.0,33.40728236969977
1256.0,7.370120036211988
1276.0,36.620889178584015
1296.0,36.134180436368894
1308.0,12.117058151454659
1311.0,20.152822840158578
1312.0,22.831411069726627
1314.0,28.188587528862584
1318.0,37.17910137202925
1324.0,47.584880109022365
1329.0,56.25636238985008
1331.0,11.163382556708756
1332.0,14.026072150463834
1342.0,42.65296808801422
1353.0,68.38282017943759
1358.0,26.464706082117416
1384.0,37.043014257348844
1388.0,51.556739683680476
1396.0,80.5841905363438
1460.0,11.482016104260568
1481.0,7.401012701174492
1493.0,24.629433693587533
1531.0,11.20541850667428
1540.0,32.59087279708494
1555.0,10.822032983478453
1573.0,52.950939791954525
1574.0,54.27725924396826
1581.0,15.038872611667772
1603.0,78.98181884186876
1604.0,81.56759082355337
1605.0,19.316270374236765
1619.0,66.99488244546104
1633.0,44.73310506532239
1639.0,66.50369320481981
1645.0,88.27428134431706
1646.0,91.90271270090007
1668.0,88.55112183794871
1673.0,106.69327862086318
1680.0,-2.294661858771077
1719.0,12.787313720785866
1724.0,18.42745442484777
1753.0,26.312397620125584
1759.0,3.7273420046849015
1761.0,6.2995629627128
1792.0,20.920360707231893
1810.0,15.340532148688697
1823.0,40.39011182845333
1824.0,42.29450125968823
1827.0,48.007669553392546
1828.0,49.91205898462748
1834.0,15.437148882658095
1838.0,27.281377663662184
1848.0,47.49040652317824
1852.0,55.55746821057262
1854.0,59.590999054269744
1856.0,11.149728503858016
1857.0,14.107825779040086
1863.0,31.85640943013324
1865.0,37.77260398049749
1887.0,34.44492547201749
1901.0,73.25942855924087
1906.0,20.9623141720257
1908.0,26.855380071273444
1917.0,58.04118292269824
1920.0,68.88290425556592
1944.0,14.753021252083558
1958.0,3.7527381899663954
1968.0,15.033019598090265
1969.0,16.161047738902667
1970.0,17.28907587971507
1975.0,22.929216583776956
1976.0,24.057244724589452
1984.0,10.202344630894578
1990.0,17.09836522034362
1994.0,21.695712279976306
1996.0,23.994385809792583
1997.0,25.143722574700774
2000.0,28.75056000024327
2017.0,22.78179589846627
2026.0,34.71318266215001
2035.0,14.337433524310542
2039.0,22.176589606566765
2048.0,37.837273455332465
2055.0,2.8968087479878353
2060.0,17.10241694193651
2075.0,49.0154499597425
2079.0,56.60276942129157
2081.0,14.335771733993441
2105.0,14.515889935375371
2116.0,47.0875190831364
2122.0,63.99038693819564
2125.0,72.04280568773693
2128.0,80.09522443727828
2136.0,36.88337092207259
2150.0,84.68137813180728
2151.0,87.36255779491889
2152.0,90.0437374580306
2158.0,38.20540554675786
2161.0,49.081819856300015
2165.0,63.58370560235632
2180.0,2.225380524786944
2188.0,11.447243211130187
2190.0,13.779491984250898
2192.0,16.111740757371578
2193.0,17.27786514393202
2198.0,23.10848707673371
2203.0,28.939109009535514
2204.0,30.105233396095826
2214.0,15.296555047951601
2219.0,21.42773091339656
2243.0,23.57852026747394
2261.0,19.44938591052675
2262.0,21.65362122592193
2286.0,21.373742794901148
2296.0,40.00718608649467
2324.0,53.108221340834646
2332.0,15.917499186660637
2336.0,27.353708743050802
2343.0,47.392535899336096
2349.0,65.74544246267136
2362.0,39.11432672796282
2371.0,70.75882502168527
2376.0,86.4655432961735
2386.0,52.025200056316706
2393.0,77.42421955239696
2397.0,91.9379449787286
2443.0,19.27361036033946
2449.0,26.177113499039905
2472.0,17.70901469273622
2482.0,29.971366423626122
2490.0,39.78124780833798
2508.0,26.917561976124937
2538.0,32.70721284716582
2551.0,48.94482133143588
2560.0,21.361214940921727
2563.0,28.489699704392123
2590.0,22.55502590505337
2593.0,30.63306963094969
2595.0,36.01843211488067
2597.0,41.403794598811416
2621.0,24.40572010840326
2626.0,38.71916807717854
2635.0,65.37785948927386
2645.0,91.23557930611862
2674.0,101.52172693551144
2681.0,40.8344738063188
2703.0,117.47862028445958
2708.0,130.899318200362
2709.0,37.48288294336727
2712.0,48.36817701311601
2713.0,51.99660836969885
2717.0,66.51033379603048
2724.0,91.90935329211091
2730.0,113.67994143160827
2739.0,141.01475429468516
2745.0,0.33975092015825387
2756.0,11.364993467808874
2762.0,18.05963545921327
2766.0,22.724133005454718
2779.0,37.883750030739265
2783.0,-3.4601555694139154
2797.0,12.33223840195953
2814.0,31.10810643916531
2831.0,6.620253939907903
2832.0,7.805544004880856
2853.0,32.88660098050882
2861.0,42.556714943116226
2870.0,4.096499991356838
2871.0,5.382610470370794
2872.0,6.668720949384765
2878.0,14.734225539985333
2891.0,32.31422764934548
2898.0,41.78038263130864
2912.0,9.412013667875941
2923.0,30.27714218713568
2928.0,39.761291514071885
2933.0,49.245440841008204
2935.0,52.72560416846683
2947.0,3.056576641736557
2956.0,23.26104739903481
2958.0,27.06982626150453
2965.0,40.40055228014815
3019.0,73.2562732026587
3030.0,15.187067321649424
3031.0,18.145164596831776
3037.0,35.89374824792476
3054.0,74.25099311679686
3056.0,79.61335244301996
3057.0,82.29453210613163
3068.0,9.438822474684075
3072.0,21.22681071626978
3079.0,41.855790139045
3086.0,58.223185119929965
3110.0,16.5900357418126
3117.0,37.215766389180445
3122.0,54.6943566014008
3136.0,95.07365924600937
3141.0,108.42173593377636
3156.0,3.4699931618175714
3177.0,27.71333104862707
3190.0,42.872948073911644
3205.0,14.326394493135043
3212.0,22.07691772761482
3228.0,39.7923994064255
3236.0,7.447830056190748
3266.0,41.31160390626533
3278.0,11.369229215797072
3281.0,15.312034881518729
3283.0,17.95017137463308
3284.0,19.287914110226517
3287.0,23.25865954204039
3293.0,30.974846577389442
3300.0,39.97706478529691
3310.0,52.47707749706305
3325.0,21.307809037829713
3330.0,27.9394062978984
3335.0,34.57100355796722
3345.0,47.834198078104706
3367.0,31.93856196527618
3368.0,33.83539183066354
3374.0,45.21637102298702
3376.0,49.01003075376151
3389.0,71.75121328100239
3391.0,76.24707321930119
3417.0,55.99918525840788
3419.0,59.83598089911307
3421.0,63.67277653981823
3432.0,91.84363966736528
3448.0,45.433980426309304
3449.0,48.39503762156029
3451.0,55.16763519419233
3452.0,58.79606655077511
3462.0,87.47547206490204
3472.0,114.31686789670654
3476.0,125.05342622942835
3486.0,37.917268978773066
3490.0,52.43099440510481
3495.0,70.57315118801928
3502.0,90.8605941383155
3507.0,104.2812920542175
3512.0,117.70198997011995
3514.0,123.07026913648083
3517.0,131.1226878860223
3522.0,31.704183362798076
3530.0,60.707954854910625
3531.0,64.33342629142471
3533.0,71.58436916445284
3572.0,14.375509768884799
3579.0,22.538380474807212
3584.0,28.369002407608974
3594.0,40.030246273212526
3596.0,42.36249504633318
3597.0,43.528619432893635
3600.0,47.02699259257459
3602.0,-1.0847363193054476
3637.0,44.16787819139621
3644.0,3.552927311052132
3677.0,45.99753035768196
3687.0,10.839963546406993
3695.0,26.23137675497535
3701.0,33.5400957938189
3709.0,43.28505451227697
3713.0,48.15753387150604
3719.0,55.46625291034945
3735.0,27.18581189611895
3744.0,41.11001073071024
3756.0,57.05707704722004
3762.0,68.46655669941872
3775.0,30.196022018867282
3797.0,70.33414988858634
3812.0,24.545246250254493
3818.0,41.59175572638715
3823.0,56.76960802153532
3850.0,24.175717377281003
3876.0,109.62252912013493
3900.0,66.96786355988435
3925.0,142.529107365003
3962.0,149.73192133836315
3981.0,20.383039751439426
3983.0,22.715288524560165
4007.0,-3.4059083430481802
4018.0,19.637723585329596
4021.0,24.449844192890637
4027.0,31.35334733159104
4033.0,38.25685047029154
4042.0,48.61210517834216
4064.0,35.55546854070647
4106.0,47.59884998165616
4120.0,8.76545038032832
4123.0,15.138825345192197
4134.0,40.00794513785183
4136.0,45.66751668693502
4138.0,51.3270882360182
4143.0,61.36149998188016
4150.0,74.55995798985408
4156.0,11.346694071038629
4158.0,15.909698556293465
4164.0,31.949388209202723
4170.0,49.50499514905228
4175.0,64.13466759892664
4177.0,69.98653657887647
4178.0,72.91247106885133
4186.0,89.12141210891542
4188.0,93.08469754206024
4202.0,49.283839166275115
4206.0,61.01047480142333
4208.0,66.85796482152973
4212.0,78.55294486174263
4225.0,110.02843067517388
4227.0,113.8839140224047
4234.0,51.60450460378364
4242.0,75.6366183141957
4243.0,78.57460370094394
4261.0,128.4789797843236
4268.0,45.60779805386993
4277.0,77.37837184965231
4285.0,105.61888189034785
4289.0,119.73913691069545
4298.0,151.1173713425111
4300.0,156.3055422766137
4312.0,83.08399095931681
4324.0,125.44475602036012
4344.0,-27.28835199024074
4363.0,34.909254932183856
4408.0,59.60267032921611
4415.0,83.54207339125459
4422.0,-33.26188512773585
4425.0,-23.002140958291406
4429.0,-9.322482065698109
4432.0,0.9372621037468478
4451.0,65.91564184356487
4455.0,79.59530073615788
4468.0,-7.549856632093322
4469.0,-4.109212186899681
4485.0,50.9410989361984
4524.0,55.03551994710553
4530.0,75.67938661826732
4533.0,86.00131995384864
4542.0,116.96711996059135
4544.0,123.84840885097863
4547.0,4.0796298349132645
4566.0,69.45187429359301
4569.0,79.77380762917342
4571.0,86.65509651956042
4580.0,117.62089652630398
4612.0,108.83107860665662
4613.0,112.30390628200094
4621.0,140.08652768476102
4627.0,42.89174277786607
4632.0,60.24711230434117
4637.0,77.6024818308165
4654.0,136.61073822083276
4662.0,164.37932946319356
4670.0,78.21485987015832
4673.0,88.62808158604362
4699.0,178.87600312371555
4711.0,-3.7813276268457425
4718.0,3.234735812568397
4719.0,4.237030589627496
4720.0,5.239325366686673
4748.0,35.93881715132291
4749.0,37.10494153788332
4757.0,-0.5452993541697568
4759.0,1.6942764301536248
4784.0,28.68799115204563
4785.0,29.762674439934145
4802.0,5.160725830357601
4804.0,7.715670333096215
4805.0,8.993142584465526
4807.0,11.548087087204133
4809.0,14.10303158994284
4820.0,28.17127737253044
4821.0,29.479810203165286
4835.0,-12.635233003622814
4841.0,-2.1774809786867717
4849.0,11.76618838789456
4854.0,20.48098174200787
4858.0,27.45281642529858
4873.0,-11.956792782869924
4892.0,23.81681526625023
4895.0,29.46527969505867
4910.0,57.83228021985171
4916.0,-2.9656818327464816
4924.0,13.168441542041949
4926.0,17.201972385739154
4944.0,53.50374997901305
4948.0,61.57081166640741
4964.0,17.97219380321765
4971.0,32.06883231567561
4972.0,34.08263781745531
4978.0,46.16547082813362
5005.0,28.355138444283526
5024.0,66.39772079249208
5029.0,78.58224002861432
5031.0,83.92165918671544
5032.0,86.5917386350413
5034.0,91.93189753169317
5042.0,20.107474909044086
5063.0,67.7389772186029
5083.0,28.705189055797078
5098.0,68.52307701828313
5109.0,89.67670006228589
5115.0,101.21503990446935
5122.0,1.3956297572871976
5124.0,3.4870813872714326
5126.0,5.819330160391958
5127.0,6.985454546952342
5131.0,11.64995209319382
5142.0,24.47732034535767
5145.0,27.975693505038663
5175.0,21.796694080512765
5182.0,30.095646011014267
5197.0,8.401725871294909
5203.0,15.174480641309865
5207.0,19.689650487986455
5236.0,15.162098948863461
5240.0,20.12341349120333
5256.0,39.85016532271189
5262.0,46.98186775801028
5264.0,49.359101903109696
5268.0,4.149829107310156
5280.0,26.070058371456327
5297.0,48.03525077875791
5298.0,49.32967474313871
5299.0,50.624098707519394
5301.0,53.21294663628085
5320.0,39.39397337006743
5336.0,67.2384608409371
5342.0,7.623142891990669
5348.0,24.79928045452077
5350.0,30.524659642030954
5358.0,50.27973813929127
5373.0,84.83706922324926
5376.0,92.59438516830268
5383.0,30.31965921300049
5401.0,81.18633809445812
5415.0,17.062192715936092
5431.0,71.63423879125811
5443.0,106.80523308509761
5449.0,122.91007058418042
5467.0,78.1078294683435
5468.0,81.73330090485764
5479.0,116.76932938228516
5490.0,3.107578432462306
5524.0,45.675035994490784
5526.0,-3.700001048697599
5529.0,2.5846258408599727
5541.0,22.06939618797884
5554.0,37.026986321829824
5560.0,43.9304894605302
5565.0,3.2088189921209977
5567.0,7.353458820550616
5569.0,11.498098648980418
5580.0,29.333029834953052
5585.0,34.973170539015015
5615.0,32.43713166784961
5619.0,36.949244231099115
5622.0,40.3333286535363
5637.0,5.042350237807129
5645.0,22.67623276096851
5651.0,35.901644653339496
5667.0,63.89531344600627
5713.0,21.20272266820497
5725.0,55.592965183703356
5742.0,97.71034973532657
5750.0,27.132126057669993
5754.0,41.199216295219756
5764.0,76.13540603195308
5765.0,79.491973581755
5778.0,118.7996352421866
5779.0,121.21191101858618
5788.0,41.81999734657559
5795.0,66.53044363218392
5797.0,73.59057114235794
5811.0,123.01146371357511
5851.0,146.89721690157668
5868.0,18.68234879008115
5870.0,22.90318111000677
5886.0,43.55026391241684
5898.0,3.6475982936649434
5932.0,59.891935100087025
5947.0,25.48713757557485
5951.0,34.05772100423876
5954.0,40.260685544228906
5961.0,53.08500411479285
5966.0,62.41364534026992
5971.0,1.6994382738340066
5975.0,9.9887179306933
5984.0,29.778075761173028
5989.0,43.476546138906755
5996.0,60.28970565673973
5997.0,62.08510795888405
6024.0,46.82146009178219
6028.0,57.78023639396918
6030.0,63.25962454506252
6031.0,65.99931862060932
6038.0,80.67275215895565
6039.0,82.46815446109997
6042.0,87.85436136753275
6067.0,76.06515142695011
6073.0,93.13743391172822
6085.0,33.60436899551701
6090.0,48.34875101531368
6097.0,68.99088584302883
6117.0,123.78735648530764
6126.0,61.964589799174874
6132.0,79.99602424277562
6144.0,116.05889312997763
6148.0,128.0798494257116
6168.0,94.33832864592115
6172.0,106.29711644505467
6177.0,121.24560119397144
6190.0,159.87446630016598
6196.0,78.47950583157554
6227.0,187.42419233703677
6229.0,-12.412507081607567
6233.0,-3.726270576450661
6238.0,7.178524280807556
6241.0,13.617827280455002
6254.0,-18.097048927422627
6269.0,-27.30047235780107
6288.0,-16.12102532352226
6297.0,7.048227025903616
6316.0,9.540163345405647
6327.0,-4.884643712049849
6376.0,33.20125369347609
6402.0,-7.4570765680837265
6408.0,-1.2085192058053293
6429.0,19.7395335436063
6434.0,24.662351981023782
6437.0,-16.91323556223928
6442.0,-10.525874305392646
6443.0,-9.248402054023321
6452.0,2.248848208300613
6453.0,3.52632045966992
6459.0,11.191153967885905
6462.0,15.023570721993886
6468.0,22.688404230209855
6471.0,26.520820984317837
6483.0,-16.701420164725917
6486.0,-11.491655775623483
6491.0,-2.808715127119525
6493.0,0.6644611322820724
6494.0,2.4010492619829353
6501.0,14.557166169888477
6518.0,-19.217164161742417
6529.0,2.730007973973004
6530.0,4.725205440856302
6533.0,10.71079784150591
6554.0,-15.489357788166854
6557.0,-9.477624029663316
6580.0,36.61233478553105
6582.0,40.62015729120013
6595.0,-0.025788541331975334
6598.0,5.925316120138534
6607.0,23.778630104549975
6619.0,42.47033183037213
6621.0,44.981696788436054
6632.0,11.15365849294672
6638.0,21.971790522020754
6639.0,23.227473001052957
6645.0,30.76156787524492
6652.0,39.551345228468975
6682.0,32.86531118946972
6683.0,34.120993668501754
6687.0,39.143723584629825
6688.0,40.3994060636618
6690.0,42.91077102172592
6703.0,16.062449324442596
6706.0,19.781088853355712
6723.0,40.8533795171971
6727.0,45.81156555574786
6752.0,36.3449445368433
6754.0,38.824037556118824
6757.0,42.54267708503188
6765.0,55.668425553875196
6768.0,61.389187566783974
6771.0,-4.211009055827793
6774.0,1.8901648465336522
6778.0,9.908523063006806
6796.0,13.399462918228922
6809.0,14.619892623245237
6815.0,-16.639821319579838
6826.0,27.729017961088445
6843.0,40.87082395742725
6846.0,0.08280846678265325
6851.0,20.559309594175332
6877.0,19.255903656195542
6886.0,55.03777748737242
6891.0,21.997631148496808
6899.0,52.118790885469494
6902.0,63.50368666658018
6919.0,22.25459008588483
6927.0,4.281881067956844
6929.0,8.799553343070121
6936.0,-15.538066110174624
6952.0,-8.324910173958626
6982.0,4.765604834865444
6983.0,8.771015408853218
7007.0,51.67671190043252
7015.0,35.08433718118228
7052.0,17.79478060729076
7071.0,13.343329829281375
7072.0,15.671351161334561
7088.0,10.634913779694587
7106.0,7.3135142843759
7119.0,59.749415252438396
7132.0,36.605790312608306
7160.0,-1.143326910565902
7166.0,27.468505821858244
7189.0,49.90576385619336
7195.0,66.6131892752502
7210.0,55.532243062809485
7227.0,6.658146960854646
7234.0,21.630996934357555
7242.0,-6.71765180173246
7247.0,4.549435320819189
7251.0,13.146901623927064
7256.0,23.893734502811927
7288.0,15.239640111105489
7295.0,41.59914077887824
7312.0,37.17018228136486
7321.0,-1.2666368558603678
7335.0,56.08957314039564
7340.0,-2.0591926445223816
7355.0,63.450792623732596
7365.0,31.22875523258189
7373.0,62.967980093758015
7377.0,79.6591404837338
7391.0,64.73208099056554
