test_index,y_pred
11.0,7.130742794628183
20.0,7.136427055079814
22.0,7.137702853753851
35.0,10.515819650327465
42.0,10.520950524654957
72.0,14.922430402475278
78.0,20.97165918438452
97.0,20.987159609915942
128.0,36.98933216487835
140.0,36.99953439427463
147.0,37.005522216691894
162.0,46.153855769520376
163.0,46.15470547384787
204.0,64.39382026939836
226.0,72.55832423930767
237.0,72.56672364791238
243.0,72.57129676489397
261.0,9.592099871558382
282.0,13.922296569163471
313.0,18.865183348494774
340.0,25.45491348224686
343.0,25.457411605893647
359.0,33.412226493858014
361.0,33.41393316935471
363.0,33.415642329599805
365.0,33.417353974188856
369.0,33.42078471474113
370.0,33.42164395194706
372.0,33.423364288480506
377.0,42.36038056151486
392.0,42.37336113552634
398.0,42.37858117298386
399.0,42.379452722768974
405.0,51.84914300793858
406.0,51.850005596997164
407.0,51.85086843755514
424.0,51.86557515571411
440.0,61.37719050997845
444.0,61.3805830662146
448.0,61.38397657992111
456.0,70.42858238164335
460.0,70.43185643110338
464.0,70.43512853733394
475.0,78.57595862105381
482.0,78.58140846479806
521.0,15.296768374981653
522.0,15.297423329317482
541.0,21.30044101560093
542.0,21.30118740163647
546.0,21.304181588719743
560.0,21.314770108519987
572.0,21.32398069670846
581.0,27.15589150076174
593.0,27.165520579821248
597.0,27.168754157506456
610.0,27.17934570973714
630.0,34.606407225148985
631.0,34.6072516489981
632.0,34.60809666978271
649.0,43.3038883516878
651.0,43.30561159984342
685.0,52.86823725630923
689.0,52.87174040062298
697.0,52.87875777746861
702.0,52.88315113592685
703.0,52.88403049899418
707.0,52.8875502540901
714.0,52.89371868321524
735.0,62.80561126430919
767.0,72.56539635060187
772.0,72.5696954052344
780.0,72.5765653395549
781.0,72.57742334008935
788.0,72.58342472383765
819.0,81.67263015996677
821.0,81.67428083476854
836.0,89.63314501527047
840.0,89.63630786340336
845.0,89.64025002349344
850.0,89.64417951129562
855.0,89.64809632090065
867.0,89.65744490166703
874.0,11.412281215243041
875.0,11.412915598133495
882.0,11.417386030558163
900.0,11.429120432792097
905.0,16.346027724228
916.0,16.35423883207298
961.0,21.638467555242826
962.0,21.639279861254167
986.0,28.539178225218897
1000.0,36.77230239493038
1004.0,36.77573704853354
1011.0,36.78176901084214
1013.0,36.78349741016746
1014.0,36.78436243982502
1019.0,36.788695885970284
1026.0,45.96111769564118
1031.0,45.96546663429041
1037.0,45.97069755550011
1048.0,45.98032209373562
1067.0,55.63637606111743
1072.0,55.64073098783674
1080.0,55.64770797308936
1091.0,65.26191882941467
1100.0,65.26960787445724
1124.0,74.3602579723377
1125.0,74.36108336825511
1132.0,74.36685553188515
1133.0,74.36767932497871
1171.0,82.48605587089529
1177.0,82.49072027196569
1179.0,82.49227216116853
1190.0,15.289597528994115
1198.0,15.294778095116001
1206.0,21.29816779500321
1232.0,27.151867479227825
1241.0,27.159045605815628
1246.0,27.163059589074308
1249.0,27.165476936372322
1283.0,43.30555998151243
1284.0,43.30642224001002
1286.0,43.30814802585891
1326.0,52.88661512605168
1327.0,52.887495410026084
1343.0,62.80555394047947
1347.0,62.80905830300957
1367.0,72.56877700665376
1368.0,72.56963648879699
1376.0,72.57650642214243
1382.0,81.6551547412619
1403.0,81.67257064401501
1404.0,81.67339615502985
1408.0,89.63308595251307
1422.0,89.64412044685517
1428.0,89.64881909582394
1431.0,16.63301589816738
1440.0,16.638766405087623
1442.0,16.640054831045546
1449.0,16.644594484502527
1459.0,22.976654794957227
1462.0,22.978895889396128
1475.0,22.98869366749956
1486.0,29.00091157077066
1494.0,29.00731020917098
1508.0,36.59052199288534
1517.0,36.59805524344188
1518.0,36.59889505828866
1523.0,36.603102489754924
1537.0,45.43336492554906
1546.0,45.441152446218084
1549.0,45.4437551233508
1577.0,55.10732743024936
1584.0,65.07670868512649
1601.0,65.09159523520105
1613.0,74.86400581852362
1624.0,74.8734546093146
1637.0,83.93679471940443
1638.0,83.93762576399716
1641.0,83.94011654354841
1651.0,83.94839362273052
1653.0,83.95004432432086
1660.0,91.85104639808237
1667.0,91.85656878151478
1674.0,91.86206414849991
1681.0,8.360943295808276
1689.0,8.365948338140662
1692.0,8.367843770738183
1725.0,12.258875362793617
1727.0,12.260370903738291
1735.0,16.93196430534678
1749.0,16.94296834450128
1764.0,23.2788046830675
1766.0,23.280447962657377
1778.0,23.2903768823792
1798.0,31.025507571107582
1799.0,31.02636036467824
1814.0,39.78088484567195
1826.0,39.79122508933568
1836.0,49.11533071118348
1845.0,49.123047892733894
1861.0,58.53575911764128
1884.0,67.54938239721115
1885.0,67.5501948548253
1900.0,67.56237407429944
1929.0,75.73066114302405
1938.0,11.41456400312466
1947.0,11.42034995542307
1950.0,11.422297727128289
1953.0,11.424255057547555
1960.0,16.346442490105765
1974.0,16.35692672139659
1991.0,21.623634013768644
2003.0,21.633253126478223
2009.0,28.522903496987908
2010.0,28.5237333438742
2014.0,28.52705992581165
2023.0,28.53458680866641
2037.0,36.77275663066783
2044.0,36.778776971803694
2066.0,45.969410516391505
2085.0,55.63073975839848
2090.0,55.63508942764351
2096.0,55.640314819132534
2097.0,55.64118633089984
2102.0,55.645546514540904
2130.0,74.35490757609668
2137.0,74.36068955382721
2148.0,74.36975569528539
2159.0,82.47161308359725
2171.0,82.48100731601397
2179.0,82.48724107169556
2196.0,16.642473164795746
2216.0,22.981677968985167
2230.0,28.99590200724453
2247.0,29.009481021404717
2256.0,36.588595385111994
2274.0,36.60368697564866
2279.0,36.607911119499455
2281.0,45.427918926059085
2290.0,45.43568592764055
2293.0,45.438281770800046
2297.0,45.44174821316946
2320.0,55.10089691880695
2325.0,55.105290772686885
2334.0,65.07643114193726
2355.0,74.85684733227318
2359.0,74.86029293278078
2361.0,74.86201447279356
2390.0,83.93902900251415
2401.0,83.94813595796622
2408.0,91.8492240786346
2411.0,91.85159742989731
2425.0,91.86260747149024
2426.0,91.86338976659842
2442.0,20.209357962424257
2452.0,20.216592125922247
2460.0,20.222443221082038
2468.0,22.9787156164937
2474.0,22.983220235760797
2475.0,22.983973912138097
2493.0,28.99673677123195
2494.0,28.9975305680503
2496.0,28.999120291814002
2501.0,29.003107024725217
2520.0,29.018418375138786
2528.0,36.591979169125565
2529.0,36.59281508292457
2530.0,36.59365155429654
2544.0,36.60542067050283
2545.0,36.60626549942209
2547.0,36.6079568275003
2562.0,45.4340065769098
2564.0,45.43573523911882
2567.0,45.438331082609096
2581.0,45.450490202428405
2583.0,45.452233289346694
2601.0,55.101827635461184
2608.0,55.10798163218102
2610.0,55.10974158762324
2630.0,65.08524300668897
2631.0,65.08611865912134
2634.0,65.08874553004785
2636.0,65.09049670482726
2637.0,65.09137227030968
2643.0,65.0966253531432
2649.0,74.85862647108418
2659.0,74.86722996665998
2661.0,74.86894814154607
2665.0,74.8723819637786
2672.0,74.87838303487659
2710.0,91.84769475579142
2725.0,91.85952844186603
2743.0,8.329364398718248
2757.0,8.338199968722513
2772.0,8.34791112452232
2785.0,12.20164878476512
2791.0,12.206046593075428
2810.0,12.220221520203083
2813.0,12.222494185942466
2817.0,12.225539045995156
2823.0,16.87626001681018
2830.0,16.88171080945458
2837.0,16.887208295691444
2852.0,16.899145781297214
2856.0,16.90236528898665
2863.0,23.211911574301276
2875.0,23.221729408228626
2889.0,23.23333380490775
2962.0,39.71633149416118
2964.0,39.71805746102929
2974.0,39.72671695343856
2978.0,39.7301945830437
2989.0,49.036980383040685
2990.0,49.03783549812142
3015.0,49.05931333486116
3022.0,49.06536151307316
3029.0,62.13397373970042
3036.0,62.13978946672708
3040.0,62.14311372919149
3046.0,62.14810146421131
3048.0,62.14976439863847
3061.0,62.16057777805556
3062.0,62.16140988372561
3083.0,67.47818112234698
3084.0,67.4789926999692
3088.0,67.48223838589017
3097.0,67.48953751215065
3137.0,75.65381726884921
3138.0,75.65458370980599
3173.0,13.305802083264382
3179.0,13.309757209810542
3188.0,13.315759015251551
3215.0,18.796181808964768
3225.0,18.803856070863944
3229.0,18.80695135784258
3230.0,18.807727463132544
3232.0,24.35143352483889
3243.0,24.36018240405543
3253.0,24.368220226877625
3259.0,24.373081435131404
3271.0,24.38289046022492
3273.0,31.536520871691025
3291.0,31.551582361409373
3292.0,31.55242536748672
3331.0,40.045058866708295
3338.0,40.05113963755595
3351.0,40.06249586961108
3364.0,49.43204849024212
3371.0,49.438186417967
3384.0,49.44962435269309
3390.0,49.45492044092668
3416.0,59.252467118177066
3423.0,59.25859717451304
3456.0,72.70520189675742
3468.0,72.7153473083535
3471.0,72.71787988543711
3485.0,78.06043915766722
3489.0,78.06375453024867
3493.0,78.06706550930839
3503.0,78.07532371438188
3537.0,86.1241203753536
3562.0,19.282331456993226
3565.0,19.284235557554766
3576.0,19.291286916581498
3586.0,19.29779219725654
3588.0,19.299104101719358
3603.0,26.20500004380054
3619.0,26.2169644565123
3631.0,26.226066350699526
3632.0,26.2268298140252
3635.0,26.22912479220848
3648.0,32.523417586454784
3652.0,32.52659934072149
3654.0,32.52819405204553
3669.0,32.540235820624204
3670.0,32.541043712439986
3673.0,32.543471216473876
3678.0,32.54752981556956
3679.0,32.548343448805255
3683.0,40.36547118110191
3694.0,40.37463492731024
3697.0,40.377144245817206
3712.0,40.38975579758596
3716.0,40.39313714877642
3724.0,49.409992136851805
3725.0,49.410850786140855
3727.0,49.41256898646629
3729.0,49.41428838877964
3737.0,49.421178009632776
3750.0,49.43241457880481
3754.0,49.435882166304324
3835.0,69.30412384319031
3839.0,69.3076060051727
3848.0,82.79272945325391
3865.0,82.80712359502465
3867.0,82.80880999848344
3873.0,82.81386032502974
3874.0,82.81470075003142
3883.0,82.82224789888862
3895.0,88.08102103968372
3897.0,88.08267747272411
3906.0,88.09010787678687
3919.0,88.1007726081199
3926.0,88.10648179913909
3957.0,95.87640974811816
3967.0,95.88411923357586
3970.0,28.78710075088194
3976.0,28.790752260986842
3986.0,28.796895225343775
3988.0,28.798132382684244
4008.0,37.2494834216391
4016.0,37.25519490873893
4037.0,37.27035319318549
4040.0,37.272538227691896
4049.0,44.25667466545181
4066.0,44.269683123554955
4073.0,44.27507341453969
4082.0,52.629885158181374
4083.0,52.630684111554075
4089.0,52.63548278453684
4095.0,52.64028994043328
4114.0,52.65556844597164
4137.0,62.03378670885201
4145.0,62.04040267840136
4153.0,62.047021613354204
4155.0,71.96630243451953
4181.0,71.98809939201541
4182.0,71.98893567390087
4183.0,71.9897718025301
4187.0,71.99311478346154
4200.0,81.9681304583961
4211.0,81.9773295920929
4214.0,81.97983102860621
4219.0,81.98399301820906
4244.0,91.48803204029234
4256.0,91.49783033397705
4259.0,91.5002676562473
4260.0,91.50107900748627
4272.0,100.01685784648829
4283.0,100.02558453050344
4308.0,107.15141760042697
4327.0,107.16567928566593
4349.0,53.7195928934227
4351.0,53.71974058216156
4358.0,53.720264219492414
4399.0,62.156760035369935
4400.0,62.156848646637854
4402.0,62.157026001958855
4406.0,62.15738124359236
4419.0,62.15854066470154
4431.0,67.95211261478178
4437.0,67.95268238171847
4440.0,67.95296629327547
4443.0,67.95324955668626
4445.0,67.95343803880318
4448.0,67.95372022162974
4479.0,74.2248698586317
4481.0,74.22506859597931
4517.0,80.65489101933153
4531.0,80.6563137493678
4550.0,86.89795346565994
4558.0,86.89881545862262
4562.0,86.89923560505723
4576.0,86.90064914797198
4589.0,92.61412836907618
4604.0,92.61574154919272
4605.0,92.615844560286
4614.0,92.61674615263752
4676.0,101.29945401899845
4710.0,6.188281802722599
4713.0,6.190113935061959
4715.0,6.191341193926675
4722.0,6.195673370307276
4724.0,6.19692163957388
4725.0,6.1975475247842695
4741.0,6.2077203744946985
4760.0,9.161389875732723
4768.0,9.167204157632106
4782.0,9.177549673919444
4783.0,9.178296941508385
4787.0,9.181297078542187
4813.0,13.323938256059051
4815.0,13.325503243578275
4816.0,13.326287273020661
4838.0,19.13585112754091
4839.0,19.136653853053275
4842.0,19.139067475803508
4848.0,19.143919224926414
4855.0,19.149620880215807
4882.0,26.393809913261137
4884.0,26.39547146660125
4890.0,26.4004744127232
4901.0,26.40971769040923
4909.0,26.416497923899072
4945.0,34.751787814109875
4954.0,34.759507136686366
4955.0,43.72075272278859
4962.0,43.72661793299951
4986.0,43.74688128459694
4989.0,43.74943095283585
4991.0,43.75113279700914
4994.0,43.75368866026514
4999.0,56.5175367115415
5002.0,56.51997868886747
5007.0,56.52405180606854
5010.0,56.52649756722894
5018.0,56.53302651855616
5044.0,61.791833160515196
5045.0,61.79262910919341
5059.0,61.80377782124953
5071.0,61.8133418611192
5075.0,61.81653150028791
5086.0,69.94889640015876
5095.0,69.95569350061425
5105.0,69.96323518034345
5121.0,14.464963680435893
5123.0,14.466236666559482
5152.0,14.485144949188395
5155.0,14.48714900873614
5157.0,20.268455853124628
5165.0,20.274428008069307
5168.0,20.276682166913552
5192.0,20.295001971371406
5199.0,26.014720742719085
5204.0,26.018714719794716
5206.0,26.02031769768768
5210.0,26.02353288631491
5212.0,26.025145096275004
5243.0,33.36073328405286
5245.0,33.36241521989457
5252.0,33.36832158820005
5313.0,51.484412646907735
5324.0,51.49407570315725
5332.0,51.50112300387789
5349.0,61.36636357675025
5356.0,61.37249320635375
5378.0,71.10560556302431
5409.0,71.13222733849217
5411.0,71.13394039388032
5427.0,80.21876710816483
5437.0,80.22704292158349
5452.0,88.22002624438542
5457.0,88.22398312131168
5459.0,88.22556252461808
5476.0,88.23891016069462
5480.0,88.24203066502352
5487.0,88.24747309110374
5492.0,25.4470211661545
5502.0,25.45326453670846
5503.0,25.453893168592508
5505.0,25.455152774504526
5507.0,25.456415503021276
5513.0,25.46022242115744
5522.0,25.465985469120113
5543.0,33.46643504392388
5547.0,33.4693809888888
5551.0,33.472336849623915
5557.0,33.47678922656675
5563.0,40.27437960481365
5579.0,40.28682650519691
5607.0,48.53257077931253
5623.0,48.545663667930725
5626.0,48.54812763090064
5628.0,48.54977185823441
5632.0,48.55306411596434
5638.0,57.859089156329674
5643.0,57.863297730967126
5678.0,67.821318724576
5681.0,67.82388508475762
5682.0,67.82474040018626
5683.0,67.825595646545
5687.0,67.82901594027499
5717.0,77.89817335143312
5718.0,77.89902805630099
5720.0,77.90073665254322
5721.0,77.9015905438153
5737.0,77.91521587225759
5766.0,87.56721398354372
5769.0,87.56971585606766
5775.0,87.57470702746846
5783.0,87.58133582811354
5787.0,96.2928409911616
5793.0,96.29771818265309
5826.0,103.68104437218541
5831.0,103.68490268734973
5833.0,103.68644049371954
5843.0,103.6940821981849
5844.0,103.6948420291906
5862.0,37.18132379551401
5871.0,37.18644178432922
5873.0,37.18758511523823
5882.0,37.192757093246044
5885.0,37.194490897161515
5890.0,37.19739146780078
5894.0,37.19972172949847
5896.0,46.38830337338951
5905.0,46.39428029697811
5910.0,46.39761343853459
5923.0,46.4063217794172
5933.0,53.59507995781645
5942.0,53.60145988982137
5952.0,53.608569239476445
5958.0,53.61284520840242
5993.0,62.02260031333459
6007.0,71.25736055784628
6011.0,71.26043950124784
6049.0,80.90760938156498
6050.0,80.90839123441239
6061.0,80.916969724522
6063.0,80.91852513524418
6064.0,80.91930234242128
6071.0,80.9247334888607
6079.0,80.93092056171481
6103.0,90.46457526995094
6119.0,99.38443497180714
6125.0,99.38905349818663
6135.0,99.39669485076686
6137.0,99.39821468926121
6140.0,99.40048917527129
6143.0,99.40275733410921
6146.0,99.4050191645419
6147.0,99.4057717014984
6173.0,107.25708348161028
6193.0,113.63718464053787
6208.0,113.64774452923034
6230.0,1.95498393773957
6247.0,1.9739639574980572
6249.0,1.588322595157159
6298.0,12.625438671995084
6299.0,12.626933345417655
6315.0,19.063514308763786
6322.0,19.074115537686787
6325.0,26.398541378066263
6341.0,26.422406607429565
6354.0,34.28391097347729
6357.0,34.28831852552942
6358.0,34.289792534895255
6365.0,42.25794433927666
6369.0,42.26354363094251
6382.0,49.961168214603674
6386.0,49.96647070208208
6399.0,49.98383145145766
6403.0,3.037032561952678
6410.0,3.041089309664862
6411.0,3.041673767188094
6417.0,3.04520635009316
6423.0,3.0487832207686694
6425.0,3.0499853513839668
6438.0,4.091939759995064
6466.0,4.1111620556345585
6487.0,7.099442163366213
6503.0,7.11123432242028
6506.0,7.113478084409273
6512.0,11.75268841843598
6513.0,11.753438189441908
6519.0,11.757958989636059
6535.0,11.770200235874938
6536.0,11.77097428305352
6539.0,11.77330275399553
6561.0,17.900324594760825
6567.0,17.905049870253265
6581.0,17.91620598312406
6600.0,25.224710760696148
6601.0,25.225507907047742
6610.0,25.232717556443212
6624.0,33.34642470711253
6627.0,33.3487848665813
6630.0,33.351150630062904
6631.0,33.351940463004944
6637.0,33.356692531023256
6641.0,33.35987302084381
6647.0,33.36466241463195
6648.0,33.365462823203494
6650.0,33.367065505289744
6657.0,33.372694469442024
6660.0,41.860484929693875
6664.0,41.86357543523598
6669.0,41.867448733081645
6672.0,41.86977813137179
6696.0,50.316482630521605
6711.0,50.327700064670836
6714.0,50.32995116251087
6721.0,50.33521357710007
6726.0,50.338980883271994
6728.0,50.340489773268715
6746.0,58.307108816815735
6755.0,58.313509075825884
6759.0,58.316356790759265
6762.0,58.31849384884793
6767.0,58.32205803154125
6782.0,5.072317369992739
6788.0,7.4618814016809765
6792.0,7.467575291175329
6802.0,16.769108208743788
6816.0,23.70732308363499
6831.0,31.764179350504776
6832.0,31.76582999974061
6834.0,31.76913915156792
6853.0,40.53648796813707
6857.0,40.54314942541189
6865.0,49.536112034632275
6867.0,49.53936386942935
6870.0,49.544250547667815
6874.0,49.55078276412277
6884.0,58.324307780475515
6889.0,58.332163121349836
6908.0,5.061189691669647
6917.0,5.072284872805795
6920.0,7.4576192790517695
6922.0,7.460429682013476
6939.0,16.772221857435213
6950.0,23.705651397764463
6968.0,31.767431424010702
6969.0,31.769087308596674
6973.0,31.77573701420338
6981.0,40.52485079191301
6984.0,40.52980383829118
6996.0,49.52956882019565
6998.0,49.532811123255726
7001.0,49.53768351565709
7006.0,49.545827977742746
7020.0,58.32582437688635
7023.0,58.33053758200832
7054.0,5.074872561165769
7067.0,7.467619523134822
7069.0,7.470493867396748
7089.0,16.780287157574747
7104.0,23.712261713873787
7107.0,23.717176815631035
7114.0,23.728759554295998
7143.0,40.528259365415934
7145.0,40.531567139741405
7146.0,40.533223897621475
7147.0,40.53488256878505
7151.0,40.54153637824817
7156.0,40.54989664084145
7157.0,40.55157442277343
7168.0,49.541046603046325
7174.0,49.55083779429725
7175.0,49.552473818103515
7180.0,58.31025272710577
7187.0,58.32122302317175
7240.0,9.073837561502394
7271.0,19.039864694133243
7296.0,26.29089119243899
7300.0,34.59164767232017
7307.0,34.603410948394924
7311.0,34.61018538478915
7315.0,34.61699801721551
7319.0,34.62384881943534
7320.0,43.57725743637827
7327.0,43.589000650260836
7337.0,43.6059183984828
7346.0,52.75903687044634
7380.0,69.78787381090075
7386.0,69.79693940165825
7392.0,69.80598932564553
7395.0,69.81050838808297
7396.0,69.81201386580412
