test_index,y_pred
48.0,27.024459021629372
65.0,19.213791530102593
66.0,20.451762293607626
81.0,10.822058870415114
84.0,15.177602697698612
86.0,18.08129858255438
87.0,19.533146524982197
91.0,25.340538294693612
118.0,29.58787101247947
122.0,35.62010092748847
148.0,43.247248554846514
151.0,15.92196621424831
155.0,21.896748109455725
162.0,32.35261642606867
172.0,47.28957116408716
199.0,63.8566161534012
203.0,28.76585637839504
207.0,34.22025324439873
208.0,35.58385246089939
223.0,69.94851067378961
226.0,34.485454212989914
229.0,38.15909813386768
257.0,3.644512448531931
258.0,4.752177117427861
261.0,8.075171124115583
282.0,7.3553176984039315
296.0,23.402891697845046
306.0,10.543279148661918
309.0,14.011076095901482
313.0,18.330812812236882
314.0,19.41074699132066
317.0,22.65054952857221
324.0,30.45014588161062
343.0,27.003450296619558
348.0,34.26269000875876
350.0,7.316212604711078
354.0,12.870498172611017
372.0,37.86478322816099
386.0,25.976327422860077
403.0,19.5627817154876
417.0,40.474518348713566
418.0,41.968213822515274
437.0,38.54205906274647
445.0,54.65201883071922
446.0,57.51705983612029
452.0,29.141122407770478
485.0,50.37353696289106
492.0,69.51815019959217
501.0,-1.2653503121849758
503.0,0.9499790256068423
508.0,6.488302370086194
516.0,15.349619721253282
522.0,21.995607734628678
524.0,24.210937072420464
528.0,28.641595748003954
548.0,12.12589482241137
551.0,15.564660679434377
564.0,30.465979393201103
574.0,2.1815092883085847
580.0,8.904384379808358
595.0,25.711572108557558
604.0,35.79588474580713
636.0,35.705520913143026
639.0,39.153985150288605
678.0,53.616591445048684
687.0,15.191950358045284
688.0,16.64379830047302
693.0,23.903038012612353
702.0,36.96966949446294
709.0,50.469675556457524
722.0,16.520590369917823
726.0,22.55282028492685
727.0,24.060877763679013
757.0,95.05520335723836
779.0,66.2860407406945
804.0,44.772296677323986
813.0,70.5576657259337
821.0,93.47799376914244
825.0,104.93815779074676
831.0,122.12840382315316
834.0,37.58375764095934
838.0,49.04392166256344
845.0,69.09920870037085
847.0,74.82929071117313
848.0,77.69433171657415
880.0,10.951456949685097
887.0,18.70510963195635
919.0,22.69635526885922
922.0,26.13512112588236
947.0,21.8412888566836
954.0,30.02192599487186
969.0,13.206463654424178
982.0,29.30008357998909
987.0,35.48993739751423
988.0,36.72790816101925
997.0,12.949517344755472
1005.0,24.564300884178305
1017.0,41.98647619331239
1025.0,11.106022622259141
1027.0,14.122137579763782
1036.0,27.694654888534114
1040.0,33.72688480354312
1065.0,32.00360840983935
1070.0,39.47208577884867
1074.0,45.44686767405606
1081.0,65.12013586817243
1093.0,33.058540071476266
1098.0,40.527017440485515
1099.0,42.02071291428742
1101.0,46.47143281020313
1104.0,55.06655582640639
1125.0,40.088253628320565
1126.0,42.14793477923926
1130.0,53.6080988008435
1143.0,90.85363187105752
1152.0,40.68947775367645
1158.0,57.87972378608303
1164.0,75.06996981848933
1168.0,86.53013384009368
1173.0,100.85533886709909
1176.0,109.45046188330225
1189.0,9.124437355574626
1191.0,11.339766693366508
1211.0,8.129010219496204
1216.0,13.860286647867989
1235.0,9.481535907007265
1244.0,19.56584854425692
1278.0,35.19654211380661
1280.0,7.760110330588114
1292.0,25.18228563972229
1294.0,28.085981524577928
1311.0,22.93271302232635
1322.0,38.903040389032576
1354.0,65.64770592958473
1381.0,32.861950390694595
1390.0,52.771218044042165
1391.0,55.636259049443346
1397.0,72.82650508184985
1407.0,42.71763800227624
1410.0,51.312761018479456
1417.0,71.36804805628698
1425.0,94.28837609949555
1467.0,17.777153505978976
1471.0,22.362174648676422
1502.0,31.71155555948808
1505.0,8.86076649522152
1507.0,11.36579092735965
1521.0,28.90096195232641
1545.0,31.108823811616244
1548.0,35.46436763889974
1552.0,41.27175940861125
1559.0,21.60001148208104
1564.0,28.85925119422023
1574.0,45.24622378982439
1582.0,23.440365819736723
1601.0,63.799541519249026
1603.0,69.5335232715619
1607.0,32.006454298502696
1687.0,3.943863643645296
1717.0,13.207019649149695
1749.0,22.314381408990794
1753.0,26.98258991317982
1767.0,17.34725501847303
1787.0,12.267285549638666
1789.0,15.038766615104729
1812.0,18.013696611273513
1832.0,16.081237325306713
1836.0,22.056019220514056
1840.0,28.030801115721427
1848.0,39.98036490613625
1850.0,42.96775585374001
1860.0,26.0983418297547
1872.0,44.02268751537677
1875.0,51.15552035271693
1893.0,43.02871279584114
1903.0,70.3781602768424
1917.0,49.94124858312697
1928.0,79.25521755084638
1929.0,81.92012382063892
1932.0,1.4466072891521464
1947.0,18.06157732259045
1961.0,8.09217812713898
1982.0,5.6308414507610625
1986.0,10.305491244011458
1992.0,17.31746593388699
1993.0,18.486128382199535
1996.0,21.992115727137428
2000.0,26.666765520387823
2022.0,25.5898180197325
2024.0,28.065759546742424
2042.0,24.63661778053581
2044.0,27.540313665391505
2063.0,21.591723709179345
2064.0,23.099781187931537
2068.0,29.13201110294059
2078.0,44.21258589046331
2096.0,40.92033008819792
2132.0,31.080629621056882
2164.0,55.8729376155867
2170.0,73.06318364799317
2175.0,87.3883886749985
2180.0,2.1139942613572935
2194.0,17.621299625899656
2202.0,26.482616977066666
2205.0,2.9191376363763433
2208.0,6.357903493399492
2209.0,7.504158779073821
2225.0,25.844243349863675
2226.0,26.990498635538046
2241.0,18.30256623302265
2243.0,20.504741553865674
2248.0,26.01017985597358
2251.0,29.313442837238295
2261.0,14.989352711663566
2266.0,21.25191379200886
2272.0,28.766987088423146
2283.0,11.948970352494166
2299.0,35.17853743133961
2302.0,39.534081258623125
2311.0,22.766029216948606
2322.0,38.73635658365503
2332.0,21.483073982331828
2371.0,62.19877649096538
2373.0,67.92885850176731
2374.0,70.79389950716849
2376.0,76.52398151797075
2379.0,85.11910453417391
2397.0,77.93056549780903
2419.0,82.20219048304831
2436.0,8.852461759431886
2440.0,13.437482902129297
2441.0,14.583738187803688
2443.0,16.876248759152375
2451.0,26.04629104454735
2475.0,18.839792271876323
2480.0,24.571068700248173
2486.0,31.44860041429439
2488.0,33.74111098564309
2494.0,8.302036468096512
2496.0,10.504211788939566
2500.0,14.908562430625858
2521.0,37.957189984231135
2526.0,11.091962583856366
2533.0,19.85954809633976
2556.0,10.318048858107298
2558.0,13.221744742963091
2579.0,44.74772307265737
2581.0,50.23222527679599
2583.0,55.71672748093466
2584.0,58.45897858300388
2590.0,21.13510772256191
2594.0,26.94249949227328
2597.0,31.298043319556864
2603.0,40.009130974123934
2658.0,47.309299122162095
2689.0,60.176047123604626
2697.0,83.09637516681339
2707.0,111.74678522082407
2718.0,67.3127131142452
2725.0,87.36800015205277
2728.0,95.9631231682559
2731.0,104.55824618445921
2735.0,116.01841020606345
2738.0,124.61353322226664
2740.0,-6.600141430980857
2750.0,4.431409515685694
2752.0,6.64673885347754
2758.0,13.292726866852794
2765.0,21.046379549124072
2770.0,26.584702893603488
2772.0,28.800032231395225
2775.0,32.123026238082964
2785.0,0.8720788136641269
2790.0,6.377517115772031
2794.0,10.781867757458395
2810.0,28.21819697854971
2817.0,35.49217388801049
2823.0,-1.9347641667277364
2824.0,-0.7978719569701318
2833.0,9.587272635700666
2842.0,19.777055971317605
2857.0,37.28283786202658
2867.0,1.5024885229955154
2869.0,4.406184407851152
2881.0,21.828359716985386
2886.0,29.087599429124612
2887.0,30.53944737155248
2892.0,37.79868708369171
2933.0,38.59045500788119
2939.0,47.398592313835806
2944.0,60.375864990007805
2970.0,40.33402225550898
2990.0,14.502435388712422
3007.0,39.89525844334391
3040.0,35.696119969188494
3046.0,46.28356432436215
3049.0,54.87868734056534
3052.0,63.473810356768674
3055.0,72.06893337297201
3075.0,30.231384684131466
3117.0,34.547013780443855
3127.0,59.09306710124054
3129.0,64.42287964082594
3149.0,117.72100503667907
3161.0,8.00119524070553
3164.0,11.324189247393045
3185.0,34.58514729420678
3189.0,39.01580596979035
3209.0,17.533971282599534
3230.0,41.60533228176127
3245.0,12.609759320607973
3250.0,18.463631243438012
3258.0,27.829826319966177
3270.0,41.87911893475821
3280.0,9.580653024457172
3291.0,23.198331423012146
3309.0,46.28393012663171
3320.0,10.64555943543676
3336.0,33.875126514282336
3337.0,35.326974456710126
3342.0,42.58621416884937
3350.0,62.3338525872018
3362.0,15.491437921521547
3367.0,22.434294881396564
3373.0,30.7657232332465
3382.0,47.3287985069865
3385.0,55.93826371318167
3392.0,76.02701586097058
3394.0,81.76665933176739
3395.0,84.6364810671658
3397.0,14.118765576495642
3406.0,27.69128288526593
3407.0,29.194131413050382
3417.0,46.35521789281052
3428.0,77.8706689522222
3443.0,29.47607936030054
3446.0,33.95716578170599
3459.0,67.23370610023125
3460.0,70.0987471056322
3483.0,31.303994736324054
3497.0,66.35863188489355
3515.0,117.92936998211282
3516.0,120.7944109875139
3535.0,70.63025687013284
3539.0,82.09042089173731
3549.0,110.74083094574813
3555.0,127.93107697815454
3557.0,133.66115898895654
3566.0,6.153087446445328
3580.0,21.66039281098777
3587.0,29.41404549325897
3588.0,30.521710162154715
3609.0,8.535522941779748
3618.0,18.851820512849095
3622.0,23.436841655546598
3625.0,26.875607512569648
3626.0,28.021862798244104
3634.0,37.19190508363889
3636.0,39.48441565498774
3642.0,2.2347178136735786
3645.0,5.501994092490124
3670.0,32.729296415961706
3673.0,35.99657269477836
3682.0,52.821419850091864
3686.0,6.137244049731914
3718.0,52.58417283193368
3727.0,10.299413989198664
3739.0,25.819682197500466
3748.0,36.9614190690455
3749.0,39.31368501422626
3783.0,35.55943212019694
3786.0,42.87461892115946
3787.0,45.697812395186425
3803.0,90.86890797961969
3814.0,27.31622965201019
3815.0,28.814705855809404
3826.0,54.216971458080174
3832.0,71.43590187047072
3848.0,27.417328014953664
3854.0,37.82023022291745
3861.0,57.89025279088104
3875.0,98.00082686649618
3880.0,112.32603189350144
3885.0,126.65123692050683
3901.0,62.74526058634542
3905.0,74.20542460794978
3932.0,46.96159853377727
3933.0,49.82663953917854
3937.0,61.28680356078275
3945.0,84.20713160399147
3957.0,118.58762366880428
3959.0,124.31770567960636
3961.0,130.04778769040854
3969.0,152.9681157336172
3976.0,11.993123012309221
3990.0,27.500428376851634
3992.0,29.715757714643456
4001.0,39.68473973470645
4016.0,13.788845517691405
4018.0,16.08135608904013
4025.0,24.105143088760602
4032.0,32.12893008848125
4042.0,50.411922064427735
4052.0,14.004737277099652
4065.0,28.906055990866268
4071.0,38.96399248972178
4076.0,51.5519965760897
4090.0,18.961842987756622
4095.0,24.407303452450844
4109.0,51.53707298840346
4114.0,63.839261111093926
4120.0,10.927741382431728
4124.0,15.880606775541006
4140.0,46.67720531159143
4141.0,49.286767191467995
4144.0,57.11545283109759
4161.0,19.8873382254835
4163.0,22.569328026534418
4164.0,24.398697898283626
4169.0,37.96040005890732
4175.0,54.23444265165568
4198.0,30.371313575472538
4200.0,36.017700523526564
4210.0,64.24963526379732
4221.0,95.30476347809511
4222.0,98.1279569521222
4254.0,98.86518712267174
4266.0,42.31811372599504
4273.0,62.387049859090546
4275.0,68.12103161140361
4277.0,73.85501336371652
4284.0,93.92394949681203
4305.0,65.42979568569207
4311.0,82.70621374780106
4332.0,143.17367696518224
4343.0,-18.31369291115114
4354.0,11.203089877460494
4366.0,43.40321655594526
4372.0,59.50327989518778
4376.0,70.23665545468269
4378.0,75.60334323443054
4409.0,57.47567594427105
4421.0,90.10364622908513
4433.0,19.14817483608952
4453.0,73.48588658571178
4466.0,4.290909176212475
4468.0,9.875140391044264
4507.0,17.364288454584464
4518.0,48.077560136159015
4524.0,64.83025378065473
4537.0,101.12775667706119
4551.0,38.284953000939176
4566.0,81.53980018326784
4568.0,87.30711314091177
4574.0,104.60905201384331
4587.0,42.232824248401336
4597.0,71.08697735142668
4598.0,73.97239266172919
4631.0,72.54057964494886
4669.0,85.53584317968038
4681.0,120.16082690331136
4689.0,143.24414938573162
4698.0,169.2128871784549
4709.0,-8.69486378812015
4723.0,6.678167823101967
4724.0,7.778491176771601
4732.0,16.639808527938694
4734.0,18.855137865730466
4736.0,21.070467203522206
4752.0,-4.439571945236784
4757.0,0.8886196112236413
4760.0,4.08553454509997
4762.0,6.216811167684151
4771.0,15.807555969313038
4773.0,17.9388325918972
4777.0,22.201385837065605
4812.0,17.768753871616408
4840.0,5.154345770122726
4844.0,10.961737539834113
4845.0,12.413585482262045
4867.0,43.01260165430903
4883.0,7.8662149965667485
4893.0,22.803169734585264
4911.0,49.6896882630186
4915.0,-0.04102618460730906
4934.0,28.3391878176277
4958.0,8.48238284603874
4964.0,17.44455568884987
4988.0,59.664387823120286
4992.0,71.12455184472473
5003.0,21.571295676029063
5007.0,27.02569254203267
5011.0,32.48008940803623
5027.0,67.14867801170736
5053.0,36.372912623468984
5055.0,39.28442619655906
5065.0,65.2433612488107
5073.0,86.01050929061203
5077.0,96.39408331151272
5085.0,32.098294794157404
5087.0,34.31008936983984
5109.0,84.81397955197768
5111.0,89.87858888173024
5138.0,17.88722108288617
5149.0,30.071532440740835
5157.0,-1.5257764173434558
5158.0,-0.37952113166902773
5171.0,14.52179758209772
5176.0,20.25307401046952
5185.0,30.56937158153887
5190.0,36.30064800991064
5192.0,38.59315858125938
5201.0,7.439575061314267
5210.0,17.523887698563794
5211.0,18.644366880480387
5215.0,23.306276076689873
5227.0,37.355568691481935
5230.0,0.6878197493535319
5235.0,7.251805014057576
5244.0,18.043647803636215
5247.0,21.492112040781915
5265.0,43.7196875724123
5281.0,21.62122185840192
5285.0,27.428613628113265
5298.0,49.58252976054009
5303.0,63.69849713067544
5315.0,23.72719306828952
5317.0,26.6308889531451
5322.0,33.8901286652843
5329.0,46.0578253827678
5335.0,62.82683983144766
5336.0,65.69666156684606
5360.0,41.977303054044974
5368.0,65.0125271368569
5398.0,58.689839166291584
5408.0,87.34024922030234
5419.0,30.139447880030712
5441.0,88.74683320014088
5461.0,52.90788410976504
5467.0,70.09813014217146
5470.0,78.69325315837476
5484.0,118.80382723398976
5487.0,127.3989502501931
5490.0,3.6323530003864932
5492.0,5.84768233817824
5495.0,9.170676344865926
5497.0,11.386005682657677
5517.0,33.53929906057549
5526.0,0.920329479407036
5535.0,11.236627050476441
5539.0,15.821648193173901
5540.0,16.96790347884831
5544.0,21.552924621545582
5545.0,22.699179907220127
5555.0,34.16173276396371
5561.0,42.14113599345559
5577.0,18.330050523930783
5585.0,27.500092809325725
5602.0,8.051030406641681
5611.0,18.135343043891236
5616.0,23.73773895347426
5638.0,9.194349826616156
5641.0,12.951886474823334
5648.0,21.719471987306843
5649.0,22.971984203375793
5652.0,26.729520851583
5666.0,59.130679957600556
5670.0,69.6261109482736
5676.0,13.459072750863749
5694.0,46.53525919145981
5698.0,56.97252437187682
5700.0,62.19115696208521
5710.0,88.28431991312767
5724.0,41.9732471136825
5728.0,53.266021009790826
5739.0,84.32114922408856
5745.0,101.26031006825114
5785.0,35.01116861670274
5797.0,69.56400474092061
5816.0,124.27266193759891
5817.0,127.15206494795038
5819.0,132.91087096865357
5820.0,135.79027397900498
5824.0,56.281817871076804
5829.0,70.60702289808208
5851.0,133.63792501690588
5885.0,37.00706568041007
5898.0,7.537771214566613
5904.0,14.586632908511207
5916.0,28.68435629640059
5924.0,43.91407761262902
5943.0,17.33739056365825
5944.0,18.483645849332596
5946.0,20.7761564206813
5956.0,38.5439505954647
5965.0,61.20235795092704
5978.0,16.7231323550055
6004.0,73.76029885544735
6016.0,24.2216403001143
6026.0,48.945972220322396
6030.0,58.83570498840564
6058.0,47.09270866665373
6062.0,57.530956186159635
6064.0,62.75007994591292
6065.0,65.35964182578958
6069.0,75.79788934529562
6074.0,88.84569874467832
6082.0,21.915890044579097
6099.0,68.02567739069958
6100.0,70.73801782282432
6102.0,76.1626986870739
6117.0,116.67015901157843
6130.0,68.1338290047697
6144.0,108.09071720609298
6149.0,122.20668457622847
6150.0,125.02987805025535
6153.0,133.49945847233673
6157.0,54.126318785014526
6183.0,128.5691711189488
6185.0,134.43536769065125
6190.0,149.10085911990754
6198.0,85.21168490947576
6207.0,111.60956948213699
6227.0,169.99487360380525
6238.0,5.426457665986492
6240.0,9.314239967919628
6252.0,-11.997934924835922
6260.0,10.55421368625021
6265.0,24.649306568178996
6276.0,4.069380906491796
6283.0,20.629387159519137
6297.0,10.96577565247251
6310.0,3.3004442327715346
6324.0,-2.4442342024648887
6327.0,2.7051090209752098
6339.0,22.98927945825336
6354.0,17.22742561277955
6357.0,22.08274710537928
6360.0,33.37786463875326
6361.0,37.73899619948512
6364.0,3.1834620338146444
6368.0,9.464377884533755
6378.0,36.194502407307034
6380.0,44.82034245906353
6386.0,7.480002669982364
6401.0,-10.363918220219807
6405.0,-5.971623474156365
6414.0,3.975422397964105
6458.0,10.994960254535963
6496.0,11.402655894738226
6512.0,-18.260499547546477
6516.0,-12.67382823113818
6522.0,-3.711655388327164
6523.0,-2.2179599145252857
6535.0,15.706385771096956
6537.0,18.693776718700686
6538.0,20.187472192502465
6539.0,21.681167666304344
6540.0,23.174863140106208
6552.0,-7.006601537179298
6559.0,2.982878943348903
6567.0,13.8916726753561
6575.0,24.800466407363242
6593.0,1.9022946068737903
6604.0,15.319233936870996
6606.0,17.768329884122846
6607.0,18.992877857748848
6636.0,17.81433754438434
6637.0,18.920234832225415
6638.0,20.026132120066844
6649.0,32.19100228632018
6654.0,37.7204887255263
6657.0,41.94398475118266
6658.0,44.4762894160588
6673.0,17.036858838791
6676.0,19.803726957633625
6683.0,26.25975256826639
6697.0,8.802186404839327
6703.0,14.093536716613963
6743.0,18.997268742268556
6746.0,21.424929488568335
6747.0,22.2341497373351
6752.0,27.074302724540683
6755.0,33.6160000656382
6758.0,40.157697406735686
6761.0,46.699394747833146
6763.0,51.06052630856494
6767.0,59.78278943002841
6775.0,3.735484807073823
6784.0,23.50081116435939
6799.0,23.558833999321894
6801.0,-9.055190968490754
6819.0,1.6349473790645654
6831.0,-1.7912073807040279
6840.0,25.09531114772933
6849.0,13.098264471419819
6856.0,32.188653502432466
6868.0,27.040011826519002
6873.0,41.48621382966679
6878.0,23.48062204936802
6881.0,30.11600577641543
6926.0,6.629621374654414
6931.0,17.28600448757543
6940.0,2.2592344060832326
6946.0,19.037066409220134
6950.0,-10.11468669667851
6952.0,-4.139904801471024
6973.0,19.320458967193584
6975.0,25.295240862400927
6980.0,2.3704570122376603
6997.0,12.532736852731526
7003.0,27.227312536242803
7021.0,45.83298620866177
7085.0,2.0008263277845892
7091.0,18.778658330921562
7099.0,40.956951795931495
7109.0,16.371972402411327
7116.0,37.28370903563721
7129.0,21.907990485453876
7136.0,42.81972711867969
7165.0,19.505423275039515
7176.0,56.50993152416755
7178.0,66.89350554506842
7192.0,49.80428399910185
7194.0,59.933502658606564
7201.0,20.960525722616136
7203.0,25.384114873981087
7205.0,29.80770402534581
7241.0,-6.03457554010456
7311.0,27.59354445651891
7316.0,42.53049919453739
7324.0,12.2178259063354
7325.0,15.205216853939072
7332.0,36.116953487165
7338.0,62.08452689678335
7361.0,16.13886358504298
7367.0,30.833439268554212
7374.0,59.71103420731993
7390.0,51.717198776723
7395.0,76.85408999951251
