test_index,y_pred
12.0,4.927000502313529
20.0,5.261441484055945
28.0,4.971724811936192
30.0,5.400319530211826
57.0,4.8478877846266135
58.0,5.782154211212596
66.0,5.595100389014631
74.0,5.562724823933234
75.0,5.4357008236666635
78.0,4.993496940957501
100.0,5.666001580007967
105.0,5.02
120.0,4.4566996238965775
136.0,5.072452426854433
171.0,5.83
175.0,5.083072187886207
211.0,5.119023167114664
213.0,5.514368473553798
236.0,5.811837226091708
269.0,6.256496813215399
282.0,5.1291141434241965
296.0,4.563152366003038
298.0,5.585488389347512
312.0,5.048013384336941
313.0,5.004222377531025
319.0,5.241024870478381
331.0,5.996108802651947
332.0,5.0165580447913705
337.0,5.559419781200977
340.0,6.58089132163626
355.0,5.946708778831571
361.0,5.774218329722663
366.0,6.604516861572493
392.0,5.130988278855971
395.0,6.064745906187534
400.0,4.878789645236948
444.0,5.789256629723212
453.0,6.812475648031501
460.0,6.280077010446739
470.0,5.600490857356607
490.0,5.171403835360133
505.0,6.923468098405817
507.0,4.898931311104902
527.0,6.75464362298268
540.0,5.072578111071196
541.0,6.246672989347527
548.0,5.889575446548779
550.0,5.571384858697443
561.0,5.0
596.0,5.476316065906522
600.0,4.699987614165157
601.0,5.232562368843178
604.0,5.07
612.0,5.860530830612478
615.0,5.002093720542713
618.0,4.82416098097808
636.0,4.700229812665779
648.0,6.140779139552471
659.0,4.019662620821575
672.0,4.363099648456951
675.0,6.005288035351087
677.0,4.5364165147572955
681.0,5.471456879110474
682.0,5.322068500551585
701.0,5.86
726.0,5.320945946114361
752.0,4.9873930080283095
754.0,4.9783710734012905
766.0,4.929181842721388
769.0,5.118342824971911
797.0,6.206339521710167
803.0,5.0063179850871595
804.0,5.705596222125502
808.0,5.032194214030293
810.0,5.115877934488192
818.0,4.833326015145854
827.0,5.536653753146117
838.0,6.529989422867212
841.0,5.0917546298481655
847.0,5.385950485717221
858.0,5.838288463168375
885.0,5.385805974180114
886.0,5.268935293061059
904.0,6.616082355056428
915.0,6.408447858724566
920.0,5.789585766819817
928.0,5.5343935544823095
934.0,5.415649551222965
938.0,7.06820576170383
940.0,6.9769473715790005
941.0,6.84433459982232
943.0,5.227488011942671
945.0,6.069441379929063
964.0,6.058598488103132
994.0,5.005148196284108
998.0,4.145540065335024
1009.0,5.664852972844755
1023.0,6.307662944495827
1025.0,4.815523232699607
1030.0,5.41944451554313
1044.0,6.432766365535221
1049.0,6.0147832805164105
1052.0,6.362995828199598
1055.0,5.53640929896321
1075.0,6.062731499021186
1081.0,6.82977019330102
1089.0,6.386976485673568
1095.0,5.543662565701838
1096.0,4.712900305219627
1098.0,6.942850788475396
1108.0,4.411741011875437
1115.0,5.96647377795976
1122.0,6.991135561487317
1124.0,5.362157651552864
1126.0,5.961705583931653
1129.0,5.601296508213795
1132.0,7.0750370770286315
1144.0,5.282559614797461
1162.0,7.01516267099752
1196.0,5.279857775149298
1209.0,6.30936192735818
1218.0,6.162460445403468
1228.0,6.997068915261698
1235.0,5.1501488871466155
1238.0,4.696246603166504
1287.0,5.489165707611776
1293.0,4.5136866929391335
1294.0,5.910645846245715
1295.0,5.001467512401052
1298.0,5.170655449509642
1308.0,5.252527211422762
1314.0,5.416239717924099
1316.0,5.959298437235129
1322.0,6.749568627068149
1352.0,5.052103844917387
1353.0,5.052103844917387
1354.0,5.2209957953361705
1356.0,4.4872092190412065
1391.0,5.39675449574703
1392.0,4.767563464153539
1400.0,5.1617217411820775
1412.0,6.469380462827169
1416.0,6.628145219204134
1417.0,6.867338815326458
1428.0,5.66146189839111
1429.0,6.756789936635163
1436.0,4.666366044642186
1438.0,4.567719615135219
1447.0,5.177334646959922
1452.0,6.434332418162121
1456.0,4.9375462216972235
1460.0,6.004531519197956
1468.0,6.509918927415819
1477.0,6.9610526202741605
1487.0,5.684343632217641
1507.0,6.058208470602191
1521.0,4.957846738921815
1524.0,5.874505279045259
1526.0,5.385084139507061
1527.0,5.84206853405963
1538.0,5.94328749951478
1544.0,6.316225796796991
1550.0,4.959160889929386
1554.0,4.365018032438642
1555.0,5.905939241295925
1557.0,4.365018032438642
1559.0,5.201900510501766
1560.0,5.201900510501766
1561.0,5.201900510501766
1563.0,5.2608307778554675
1564.0,5.2608307778554675
1600.0,5.00394284887874
1603.0,5.540898031618437
1615.0,4.523743136141275
1620.0,6.0592698788442485
1633.0,5.4647231586264615
1636.0,6.429819107793236
1645.0,5.014566007504319
1649.0,6.425322948447033
1656.0,5.647345555649956
1667.0,7.489618018895681
1672.0,4.004869338232373
1675.0,6.620976723157173
1681.0,5.261717944507048
1704.0,6.207608292113951
1711.0,5.06516898091885
1717.0,5.06516898091885
1726.0,6.49
1737.0,6.850276803882384
1752.0,6.564063470028059
1753.0,4.90270792276816
1770.0,6.046384996937275
1773.0,5.8609885355684685
1777.0,4.410475479586214
1779.0,5.405163083109512
1781.0,5.663954340738787
1782.0,5.793338293132415
1788.0,5.6
1790.0,5.663954340738787
1808.0,5.018523745756731
1817.0,5.579511503735091
1823.0,5.000814601879365
1836.0,5.169668700432089
1840.0,6.007047293692418
1849.0,5.577825815355119
1865.0,5.009568581936524
1894.0,5.428224753909178
1906.0,5.222329023306089
1908.0,6.3098193633356425
1919.0,5.644201197508022
1922.0,5.864007832035911
1924.0,3.965762457337359
1946.0,6.361848398494166
1951.0,5.251768522451232
1969.0,5.284270644624869
1973.0,7.016166079049162
2000.0,5.220633332647696
2003.0,7.125829167073505
2008.0,5.5488044114512745
2013.0,5.790940447630418
2017.0,5.990556991478478
2032.0,4.843107565124394
2033.0,7.051819895636527
2040.0,5.598517287111273
2045.0,7.1328454803582675
2072.0,6.284376678413587
2073.0,5.604370253095653
2076.0,6.400145634817096
2078.0,6.325227191168815
2083.0,4.653299690930087
2096.0,6.916158713626015
2100.0,6.068184610307642
2104.0,5.909751362632776
2111.0,6.345851821589662
2113.0,6.030734884381793
2115.0,6.114815103810215
2116.0,6.576586839842919
2129.0,6.253334840520841
2147.0,6.441633286572548
2149.0,6.432218415656063
2161.0,5.290005289064644
2178.0,6.832110400852295
2213.0,5.540048461304976
2225.0,4.8792463593852515
2233.0,6.584580049421786
2235.0,6.605493151054893
2251.0,6.97
2258.0,4.903166631780543
2263.0,6.000521335905825
2272.0,6.15420741977002
2273.0,5.357899838499784
2275.0,5.237927049927923
2281.0,5.462442156854413
2291.0,5.345864811350939
2339.0,5.657011135487251
2358.0,6.773431878235672
2370.0,6.289726023784314
2399.0,5.559927333415825
2418.0,4.920207586094515
2428.0,6.2505642239343775
2431.0,7.190774941287896
2434.0,6.956549460587894
2441.0,6.88
2445.0,5.7629915154048685
2451.0,6.9383682990015885
2469.0,4.741718712624903
2496.0,5.313741702077068
2502.0,5.24
2509.0,5.579312106062324
2510.0,5.547106845840943
2513.0,4.7507336693976345
2515.0,6.50770007267405
2542.0,7.077708392661947
2544.0,6.055271506506823
2545.0,5.35400283114019
2553.0,5.973799141254842
2555.0,4.9409851469006485
2558.0,6.109921026289477
2570.0,6.632115544310239
2593.0,5.416799642669097
2605.0,6.184568167252551
2642.0,5.826343582606276
2679.0,5.765350333937427
2681.0,5.793603638925129
2686.0,6.425863189655911
2700.0,6.744424331360574
2702.0,4.592839049293371
2705.0,7.6096025817694946
2720.0,5.5194754228559235
2722.0,5.02945491701839
2724.0,5.054017988129749
2737.0,5.29307620598338
2739.0,6.015759628860164
2744.0,5.119176254753365
2747.0,6.278201655070756
2752.0,5.54398906974073
2763.0,5.066944125973677
2773.0,6.069771840308209
2778.0,5.632553621422642
2784.0,5.166989358274817
2786.0,6.770170445379893
2806.0,5.34333090798866
2815.0,6.785724051785621
2835.0,6.608758455844123
2850.0,5.697232290170079
2853.0,5.575736750460407
2860.0,5.846153672467724
2862.0,5.3318730433364525
2868.0,5.720904346571932
2881.0,5.200396939431147
2885.0,6.48267637081694
2887.0,6.815426508348917
2907.0,5.595645853348552
2908.0,5.044203705785687
2914.0,5.924145724429341
2918.0,5.302338535040319
2923.0,5.479575815984125
2926.0,5.887947023480081
2930.0,5.86922962145779
2933.0,6.296088096059845
2970.0,6.737535389521907
2975.0,4.9943056887175015
2976.0,5.111437089247832
3012.0,5.624677610763944
3022.0,5.509846552281853
3032.0,6.744211158492709
3049.0,6.333854112259899
3050.0,4.901207653675829
3062.0,5.462306326217549
3071.0,4.4952384797504505
3072.0,6.168247107926328
3108.0,5.380057342494699
3123.0,5.308898562397051
3145.0,5.912319981608457
3170.0,5.781927567206583
3175.0,5.4459802092561835
3180.0,5.683160171052292
3215.0,5.255832683896374
3229.0,4.5877019119836895
3242.0,5.699692334721703
3243.0,6.496506182123877
3259.0,5.33
3280.0,6.38996903280963
3281.0,6.901981893204765
3287.0,5.026826401224965
3291.0,5.968230724877184
3298.0,6.277314430518617
3300.0,5.847681471754778
3302.0,5.362178526793334
3319.0,5.972675608075511
3320.0,5.69892447760993
3345.0,6.129630281378473
3368.0,6.9871414940107055
3373.0,6.392565634977273
3396.0,6.793007283673917
3397.0,5.762063657308364
3408.0,6.361897885555478
3435.0,5.558860047936047
3454.0,5.991176508640658
3457.0,4.858837796522276
3500.0,5.622153169109381
3513.0,7.006409405071196
3531.0,4.533255726466589
3533.0,6.112206984087149
3538.0,5.423884448681459
3543.0,4.802313292486515
3549.0,5.604907658374499
3554.0,5.559816181674736
3567.0,6.779888201327186
3604.0,6.1069076987988815
3609.0,6.317271878972307
3642.0,6.341817768088248
3665.0,5.315952275622156
3670.0,6.148267085778721
3673.0,5.806354503213377
3675.0,5.0341468248743215
3677.0,6.1558468570469325
3690.0,5.146932015360296
3697.0,6.06235498620182
3718.0,5.376573683264903
3719.0,5.721785842029102
3735.0,6.284417036642407
3737.0,5.9530701878424575
3761.0,4.511205565529608
3762.0,6.295125876827438
3764.0,5.000567849584683
3766.0,7.0
3782.0,5.57
3787.0,6.031393498146803
3788.0,6.110289104072705
3824.0,5.854764080940645
3839.0,5.098603824754738
3848.0,5.01
3862.0,5.233532728039332
3869.0,6.830328070233275
3870.0,5.71243788538694
3876.0,6.470281159787548
3885.0,4.886500611455205
3895.0,6.2404149901884844
3897.0,6.9568789397425395
3906.0,5.3359173535367
3930.0,5.552797854771659
3935.0,5.426005132608439
3936.0,5.435548619429264
3949.0,5.458321048306889
3952.0,6.750339406911229
3967.0,5.994401607694165
3979.0,4.330959265132561
3981.0,7.173006999893089
3998.0,5.962760724883341
3999.0,5.225164445129752
4006.0,6.338654594023444
4018.0,4.86178004001941
4032.0,5.088114766783826
4055.0,5.851215610209525
4065.0,5.247665663542584
4067.0,5.648919306595497
4071.0,5.151744884652379
4080.0,5.291097559751367
4113.0,7.0781573979423795
4126.0,6.382332110279337
4133.0,6.325501748511078
4141.0,5.999144578596083
4142.0,4.972791536165428
4155.0,5.631165926012113
4179.0,5.607489833139518
4195.0,5.33635344361196
4207.0,5.6193828382158415
4210.0,5.640441491371879
4224.0,3.5936149409829294
4225.0,6.346904844834325
4228.0,4.8614055942370635
4234.0,6.747103682685479
4235.0,5.588451392463585
4241.0,5.140251199322623
4254.0,5.55682905022968
4262.0,6.140809372037898
4264.0,5.060917512534362
4271.0,6.441540927253258
4276.0,6.819644550893223
4293.0,6.001096714681
4311.0,5.678260122642034
4317.0,5.720590606383902
4324.0,5.809528178732956
4350.0,6.800115877116569
4362.0,5.422844003217542
4371.0,7.112883240127903
4373.0,7.81324874290527
4415.0,6.041756739987689
4423.0,5.649197675596667
4439.0,6.205950884402898
4446.0,6.624121499934485
4468.0,6.832479390417513
4474.0,6.111268731877292
4481.0,6.0402871696621085
4483.0,7.274589155283761
4490.0,6.041973606947883
4492.0,6.949319909514003
4507.0,6.223147193682451
4510.0,5.076712934972032
4525.0,7.687618058267715
4528.0,6.081181809580701
4532.0,6.531430240106939
4534.0,4.153329247105053
4541.0,5.5233210526457155
4545.0,6.68007489153594
4548.0,5.5079393426777905
4550.0,5.590840950692027
4569.0,5.410699611946996
4597.0,6.631882095017634
4601.0,6.858673257105051
4610.0,6.925739113476797
4615.0,6.282473612991342
4619.0,5.457805437626831
4634.0,6.576568356621334
4647.0,6.471780726882619
4651.0,5.751859100930306
4652.0,5.971034948322647
4674.0,6.60857222368903
4675.0,5.558598182165367
4698.0,7.063445829796814
4709.0,6.316033910460103
4710.0,6.927406470536071
4723.0,5.71198071019704
4727.0,6.795129708543309
4754.0,7.006469844833637
4757.0,7.046735081955705
4760.0,5.969753859855496
4766.0,6.83134182750162
4771.0,7.040895638297343
4773.0,7.188232610190857
4782.0,6.7187928425924754
4813.0,6.826583456827783
4820.0,6.044369544180972
4821.0,6.719272614863154
4844.0,5.701244058017888
4849.0,6.75878908028583
4853.0,5.809558935409185
4868.0,5.06
4880.0,6.867107642239957
4886.0,6.910124157553742
4890.0,7.65137422887527
4894.0,5.41
4895.0,5.46
4898.0,7.122220577567858
4907.0,5.502368801908769
4908.0,6.987871111160397
4917.0,6.964750561350091
4926.0,6.169504488476223
4939.0,6.6240864773101205
4942.0,5.636735867153132
4948.0,6.002373007468714
4963.0,5.857955753981997
4981.0,7.030248950560527
5000.0,6.122650252097942
5004.0,5.590651863433879
5005.0,6.181320786938802
5007.0,5.610449384806773
5008.0,6.43379945673487
5009.0,6.90955736945567
5016.0,6.24416742242159
5019.0,5.419929829351323
5030.0,6.322182448060658
5038.0,5.05
5039.0,6.724850742978315
5040.0,6.109518829140755
5042.0,6.384309373530376
5063.0,5.55
5073.0,5.544838597340533
5093.0,6.708534269313013
5096.0,6.590864931859658
5115.0,7.246261381436184
5116.0,6.816633689045442
5117.0,6.163964394909714
5141.0,5.798402811851986
5153.0,5.946106791354226
5164.0,5.948516988973865
5165.0,5.773668784400809
5172.0,6.244058785248641
5177.0,4.2122533770675235
5192.0,6.911045034632695
5203.0,6.7992431525495
5226.0,4.7630114969850075
5231.0,5.679024485673199
5238.0,6.436555929220308
5260.0,5.816905183323184
5264.0,7.725808202372119
5267.0,5.4943620261546116
5274.0,5.936911832251674
5279.0,6.065718268991053
5300.0,5.397784713491643
5301.0,6.063607562888982
5336.0,5.6460512676980015
5371.0,5.834063343163457
5385.0,5.245353969666832
5391.0,6.228103740474991
5403.0,4.92231868938161
5409.0,6.0484501551064715
5449.0,6.218735819181874
5473.0,5.272182625155761
5517.0,6.663823156572932
5519.0,6.410928430040937
5536.0,5.1207120079371915
5558.0,5.730667487632468
5569.0,6.441187118212815
5573.0,5.0467710577818075
5574.0,6.889244416432493
5575.0,7.034244208051475
5589.0,6.013866647649878
5600.0,5.260792841779275
5605.0,5.82137919888223
5617.0,5.823691520274715
5625.0,6.641487264516737
5632.0,6.448523293496039
5633.0,5.544396460877286
5661.0,6.221794420047775
5677.0,6.308306528968238
5701.0,5.509920603152568
5708.0,6.744444301402233
5714.0,6.665309969293405
5719.0,5.6336284978105855
5722.0,6.362670425312766
5723.0,6.248099656538094
5727.0,5.603867073600326
5749.0,4.808012197855002
5750.0,7.0693258686469695
5751.0,4.494618439056981
5757.0,7.0
5761.0,7.0
5768.0,6.614704694673652
5770.0,6.735856000208184
5771.0,6.134165220258856
5773.0,5.4946620350049695
5780.0,5.984449081074103
5789.0,6.647218446738038
5794.0,7.032090593735604
5826.0,6.171446734011798
5827.0,5.477899838499784
5847.0,6.3
5849.0,6.207438669633185
5850.0,6.224036080552265
5856.0,6.267829618989697
5880.0,5.26048340160213
5907.0,6.337028924073918
5988.0,6.078040565924238
6019.0,5.97
6024.0,5.802870473949119
6025.0,5.929318780174295
6045.0,7.496825432004277
6056.0,4.9808980316184375
6083.0,4.957343008977026
6085.0,5.272603756001168
6113.0,4.735645983213405
6120.0,5.147090470852659
6127.0,4.97602097127162
6133.0,6.481563265586853
6138.0,5.452470297889627
6150.0,6.074744536119782
6154.0,5.091071110508981
6158.0,6.371542921398548
6182.0,5.423030065474741
6199.0,5.737431543466926
6214.0,6.3571738957833395
6217.0,6.608895091547291
6222.0,6.772811076550986
6231.0,6.334687604774729
6236.0,6.560854581703122
6250.0,7.15384498796925
6254.0,6.95
6257.0,6.977499584307662
6275.0,5.928363497692702
6278.0,5.805799945981785
6282.0,6.682257251175514
6288.0,5.97186753995042
6291.0,5.212482801646003
6303.0,5.28779570478148
6316.0,5.601010878480292
6366.0,5.330114277109255
6369.0,5.643692383204537
6390.0,5.864969102964349
6393.0,5.139303982115163
6396.0,6.890303242215875
6401.0,6.793089446040296
6407.0,5.232385389791364
6434.0,6.616043422625861
6445.0,6.954185412941288
6466.0,4.641573533895842
6468.0,4.2515382592524915
6494.0,5.368003787029108
