test_index,y_pred
1.0,4.8879594802856445
4.0,5.174278736114502
18.0,5.0929107666015625
24.0,5.742794990539551
26.0,5.291314601898193
51.0,5.5341925621032715
60.0,5.1140923500061035
67.0,5.5019941329956055
69.0,6.875881195068359
77.0,5.086838722229004
82.0,5.194088935852051
109.0,5.215286731719971
121.0,5.573352813720703
124.0,5.367534160614014
128.0,6.932199478149414
129.0,5.252674579620361
138.0,5.556723594665527
142.0,6.170041084289551
143.0,5.355773448944092
145.0,4.836119174957275
151.0,5.082679271697998
153.0,5.373096942901611
154.0,5.521549701690674
156.0,5.521549701690674
170.0,4.6383209228515625
176.0,5.27968168258667
178.0,5.2414751052856445
179.0,5.338615417480469
192.0,5.176502704620361
193.0,5.3322834968566895
215.0,5.277976989746094
228.0,5.620222091674805
231.0,5.536442279815674
237.0,5.27554178237915
240.0,4.697956085205078
241.0,7.033982276916504
253.0,5.494015693664551
264.0,5.922621250152588
277.0,5.937732219696045
283.0,7.023296356201172
294.0,6.339315891265869
300.0,5.964749813079834
308.0,5.238157272338867
326.0,6.478281497955322
328.0,7.307827949523926
329.0,5.878166198730469
342.0,4.942083358764648
343.0,4.942083358764648
363.0,5.967010498046875
377.0,7.215089797973633
397.0,5.709722995758057
425.0,7.369544982910156
435.0,5.080291271209717
437.0,7.228200912475586
442.0,4.969241619110107
454.0,6.237507343292236
471.0,6.359724998474121
477.0,7.831542015075684
491.0,7.956745624542236
495.0,6.9656782150268555
498.0,6.9656782150268555
512.0,4.32739782333374
523.0,4.924838542938232
534.0,5.268998146057129
545.0,4.831925868988037
546.0,5.855159759521484
547.0,7.86185359954834
555.0,5.161998271942139
556.0,6.217519760131836
566.0,5.624894618988037
585.0,5.527248382568359
595.0,5.251759052276611
610.0,5.190112113952637
616.0,4.724227428436279
641.0,4.862966537475586
642.0,5.131880283355713
665.0,4.98970365524292
666.0,5.595264434814453
669.0,5.909963607788086
703.0,5.447647571563721
719.0,5.149728298187256
723.0,5.092321395874023
734.0,5.958748817443848
737.0,5.428185939788818
739.0,4.894347667694092
751.0,5.233242034912109
755.0,4.966809272766113
773.0,5.805276393890381
786.0,4.831973552703857
800.0,5.2610931396484375
805.0,7.2757039070129395
815.0,5.578338623046875
825.0,5.714687824249268
853.0,6.088174819946289
865.0,5.189768314361572
870.0,6.343535423278809
873.0,5.727046966552734
882.0,7.09381103515625
888.0,5.496448040008545
896.0,7.047112464904785
901.0,6.161061763763428
912.0,8.859131813049316
918.0,6.194401741027832
919.0,6.21648645401001
924.0,6.22935676574707
942.0,5.77552604675293
950.0,6.943714618682861
953.0,7.631405353546143
962.0,5.301239490509033
992.0,4.673275470733643
996.0,6.330227851867676
1004.0,5.7891740798950195
1016.0,8.052972793579102
1032.0,5.1163330078125
1033.0,5.958383083343506
1067.0,7.1394147872924805
1069.0,4.981794834136963
1077.0,5.042337894439697
1079.0,7.062224388122559
1102.0,5.230365753173828
1104.0,6.949039936065674
1117.0,6.06503963470459
1128.0,5.2551093101501465
1131.0,5.4684038162231445
1133.0,7.157500743865967
1135.0,6.221885681152344
1152.0,4.848445892333984
1163.0,5.576504230499268
1172.0,7.61705207824707
1177.0,6.886747360229492
1203.0,4.8765788078308105
1212.0,5.897003650665283
1221.0,5.927546501159668
1230.0,7.504749774932861
1269.0,8.043115615844727
1273.0,4.865822792053223
1299.0,4.307123184204102
1301.0,6.329093933105469
1302.0,7.786169528961182
1317.0,7.381377220153809
1321.0,5.9127726554870605
1329.0,5.37579870223999
1341.0,5.823507785797119
1357.0,5.56431770324707
1362.0,5.71073055267334
1364.0,6.194949626922607
1407.0,5.655885219573975
1410.0,5.001095294952393
1420.0,5.250496864318848
1445.0,5.329863548278809
1449.0,7.259279251098633
1462.0,5.616830825805664
1465.0,5.383090496063232
1469.0,5.5841383934021
1480.0,5.1241583824157715
1505.0,5.383694171905518
1522.0,5.5192718505859375
1532.0,5.382245063781738
1535.0,5.625849723815918
1537.0,5.754367828369141
1545.0,5.2100324630737305
1551.0,5.089197635650635
1552.0,5.916841506958008
1565.0,6.065829277038574
1567.0,5.099626541137695
1590.0,7.044077396392822
1601.0,5.882443428039551
1632.0,5.836886405944824
1641.0,5.635606288909912
1674.0,5.063516139984131
1680.0,5.653140544891357
1706.0,5.934029579162598
1716.0,6.148828029632568
1736.0,5.535894393920898
1738.0,5.065765380859375
1751.0,5.524977684020996
1759.0,6.584375858306885
1797.0,5.257272243499756
1820.0,5.20384407043457
1858.0,4.388630390167236
1861.0,5.880133628845215
1867.0,5.256900787353516
1869.0,5.33064079284668
1910.0,6.369867324829102
1916.0,5.899498462677002
1917.0,6.023705005645752
1926.0,5.734836101531982
1927.0,5.372222423553467
1936.0,5.75982666015625
1956.0,5.696237564086914
1959.0,4.575460910797119
1995.0,5.312209606170654
1996.0,6.706029415130615
2007.0,6.181440830230713
2043.0,5.535470008850098
2060.0,5.927026271820068
2079.0,5.281809329986572
2086.0,5.7404303550720215
2106.0,6.149321556091309
2118.0,5.808546543121338
2120.0,5.274631977081299
2121.0,5.956508159637451
2126.0,7.1238532066345215
2131.0,5.911243915557861
2135.0,5.3757548332214355
2148.0,4.759542465209961
2153.0,6.821773052215576
2155.0,5.006859302520752
2159.0,5.878174781799316
2166.0,5.841169357299805
2172.0,7.624859809875488
2173.0,6.9142231941223145
2187.0,6.921247959136963
2208.0,6.2668609619140625
2223.0,5.473038196563721
2234.0,6.7802042961120605
2244.0,5.383200168609619
2259.0,5.189553260803223
2276.0,7.027047634124756
2283.0,5.6370391845703125
2294.0,5.43123197555542
2298.0,5.227432727813721
2300.0,6.723827362060547
2321.0,6.630868434906006
2329.0,6.264047145843506
2330.0,5.559545516967773
2331.0,5.7616448402404785
2349.0,6.297455310821533
2354.0,6.933464050292969
2365.0,4.7419023513793945
2374.0,7.148131847381592
2410.0,5.3250412940979
2415.0,5.210147857666016
2449.0,6.5204854011535645
2460.0,6.878553867340088
2481.0,6.831738471984863
2489.0,4.871539115905762
2494.0,5.916406631469727
2499.0,6.64113187789917
2506.0,7.828623294830322
2511.0,5.589289665222168
2518.0,5.163662910461426
2521.0,5.452320098876953
2548.0,5.862606048583984
2562.0,6.561333179473877
2565.0,5.270330429077148
2567.0,7.717649936676025
2568.0,6.49948263168335
2579.0,5.726518630981445
2584.0,5.276416778564453
2591.0,5.741809368133545
2600.0,5.637167453765869
2601.0,5.761051654815674
2603.0,6.666411399841309
2623.0,7.155251502990723
2630.0,5.49796199798584
2636.0,5.586758136749268
2641.0,5.665546894073486
2657.0,5.1905131340026855
2659.0,7.492197036743164
2663.0,6.530426502227783
2668.0,6.285630702972412
2669.0,5.700759410858154
2683.0,6.1926164627075195
2694.0,5.806919097900391
2699.0,5.746211051940918
2706.0,7.531396389007568
2708.0,4.839290618896484
2713.0,5.263107776641846
2721.0,6.822855472564697
2726.0,7.483598709106445
2728.0,7.486879348754883
2738.0,6.266753196716309
2741.0,5.094188690185547
2757.0,5.97484827041626
2779.0,5.2361226081848145
2793.0,5.430285453796387
2795.0,6.509368419647217
2809.0,5.41120719909668
2825.0,7.23258638381958
2830.0,7.260222911834717
2831.0,7.324346542358398
2838.0,5.391623020172119
2857.0,5.27431058883667
2878.0,5.7819905281066895
2880.0,5.875396728515625
2883.0,5.875396728515625
2892.0,4.455395698547363
2895.0,6.467550754547119
2897.0,7.681075572967529
2905.0,6.39917516708374
2920.0,6.698907852172852
2921.0,5.604602813720703
2925.0,4.457907199859619
2938.0,5.811920166015625
2940.0,5.256654739379883
2941.0,5.811920166015625
2942.0,5.750489234924316
2945.0,7.066408157348633
2962.0,5.112854480743408
2964.0,6.557361602783203
2985.0,7.301692962646484
3001.0,6.5859785079956055
3005.0,6.1055450439453125
3010.0,6.7515950202941895
3018.0,5.866596221923828
3019.0,5.399423122406006
3020.0,6.637405872344971
3029.0,5.661238193511963
3044.0,5.958371639251709
3081.0,7.055039882659912
3083.0,5.320262432098389
3085.0,5.689249515533447
3089.0,6.070488929748535
3091.0,5.5974955558776855
3113.0,6.474874496459961
3114.0,6.969446659088135
3122.0,6.178761005401611
3129.0,5.345441818237305
3140.0,5.903538703918457
3142.0,7.386220455169678
3153.0,6.333930015563965
3159.0,6.35768985748291
3161.0,6.825430870056152
3168.0,5.771738529205322
3174.0,6.804192543029785
3185.0,4.853966236114502
3188.0,6.881710052490234
3192.0,5.538769245147705
3199.0,5.8543853759765625
3201.0,8.528984069824219
3202.0,5.951840400695801
3203.0,4.541921138763428
3205.0,6.009059429168701
3225.0,6.409252643585205
3228.0,6.152936935424805
3235.0,5.598206996917725
3236.0,5.735389709472656
3237.0,4.455454349517822
3240.0,5.849045276641846
3253.0,5.352351665496826
3257.0,5.386378765106201
3269.0,5.588566780090332
3276.0,6.010735988616943
3283.0,6.690852642059326
3304.0,7.292667865753174
3309.0,5.322759628295898
3326.0,6.171821117401123
3331.0,6.476981163024902
3338.0,4.832395076751709
3342.0,5.909168720245361
3357.0,6.0149922370910645
3364.0,5.115133762359619
3380.0,5.0736589431762695
3381.0,5.981271266937256
3398.0,5.947290420532227
3401.0,6.215399742126465
3410.0,5.006168842315674
3426.0,5.897454738616943
3427.0,5.70936918258667
3440.0,7.163806915283203
3462.0,5.4912495613098145
3481.0,5.286314964294434
3484.0,5.969537258148193
3502.0,5.956340789794922
3504.0,5.584888935089111
3510.0,5.827358722686768
3511.0,5.708006381988525
3518.0,5.865863800048828
3548.0,5.249444961547852
3565.0,5.436187744140625
3577.0,5.8106369972229
3597.0,6.04749870300293
3598.0,7.108100414276123
3605.0,6.04749870300293
3618.0,5.586639881134033
3627.0,5.769271373748779
3644.0,4.993348598480225
3653.0,5.569517135620117
3659.0,5.768439292907715
3661.0,6.902594566345215
3672.0,5.233867645263672
3683.0,6.113073348999023
3701.0,5.596309661865234
3720.0,7.594808101654053
3723.0,7.594808101654053
3731.0,5.641477584838867
3732.0,5.436499118804932
3734.0,5.7225260734558105
3767.0,8.288990020751953
3768.0,8.288990020751953
3770.0,8.288990020751953
3779.0,5.288440704345703
3783.0,5.805844306945801
3791.0,5.65140962600708
3795.0,5.616264820098877
3806.0,6.60189962387085
3830.0,6.509378910064697
3836.0,4.818037033081055
3840.0,5.033722877502441
3865.0,5.983483791351318
3874.0,4.893036842346191
3879.0,5.9353461265563965
3888.0,7.234948635101318
3903.0,5.399955749511719
3918.0,6.466108322143555
3924.0,6.045557975769043
3960.0,5.480517387390137
3964.0,5.1923346519470215
3993.0,4.896842002868652
4005.0,7.455084800720215
4011.0,5.44571590423584
4034.0,5.6720733642578125
4038.0,5.925660610198975
4078.0,5.3476033210754395
4136.0,5.497354030609131
4151.0,5.738536834716797
4152.0,6.969276428222656
4160.0,5.684267044067383
4181.0,8.119244575500488
4185.0,8.119244575500488
4187.0,8.119244575500488
4196.0,6.491108417510986
4212.0,5.341111183166504
4218.0,5.245609283447266
4230.0,6.921115875244141
4243.0,6.760966777801514
4252.0,5.504817008972168
4263.0,6.074026584625244
4272.0,3.6924095153808594
4275.0,6.9604668617248535
4280.0,6.671431541442871
4284.0,7.658740043640137
4287.0,6.671431541442871
4294.0,6.956610202789307
4309.0,5.599214553833008
4321.0,7.509713172912598
4323.0,6.24853515625
4368.0,5.147946357727051
4377.0,7.050965785980225
4384.0,5.287795543670654
4461.0,8.602394104003906
4473.0,6.076049327850342
4486.0,7.086374282836914
4487.0,4.943763256072998
4493.0,6.4770026206970215
4497.0,6.949825763702393
4500.0,7.693446636199951
4503.0,7.054167747497559
4505.0,5.256580829620361
4517.0,6.03648567199707
4522.0,6.484996318817139
4524.0,5.6567158699035645
4530.0,7.80233097076416
4554.0,5.938882827758789
4555.0,5.650018692016602
4564.0,7.94651460647583
4565.0,6.029422760009766
4567.0,5.285608291625977
4572.0,6.029422760009766
4575.0,7.293019771575928
4582.0,7.061585903167725
4593.0,7.7660393714904785
4611.0,7.165501117706299
4620.0,5.213526248931885
4625.0,5.341503620147705
4626.0,5.83200740814209
4631.0,6.643026828765869
4633.0,5.42460298538208
4654.0,6.774855136871338
4662.0,5.720371723175049
4669.0,7.235279560089111
4694.0,5.776155948638916
4703.0,5.068100452423096
4704.0,5.482197284698486
4715.0,6.560995578765869
4726.0,5.705254554748535
4729.0,6.799421787261963
4732.0,7.878353118896484
4734.0,5.887752532958984
4763.0,6.397942066192627
4790.0,7.352558612823486
4823.0,5.867267608642578
4824.0,7.142475128173828
4825.0,6.080537796020508
4836.0,6.758812427520752
4846.0,6.88286018371582
4887.0,6.114212512969971
4897.0,7.3181610107421875
4915.0,6.389884948730469
4920.0,6.559422969818115
4935.0,5.960605621337891
4938.0,5.479719161987305
4943.0,5.960605621337891
4955.0,6.136790752410889
4957.0,6.422764778137207
4961.0,6.524672508239746
4977.0,7.336925029754639
4990.0,6.543540954589844
4994.0,5.388140678405762
5012.0,7.057433128356934
5031.0,5.990687370300293
5072.0,8.170198440551758
5077.0,5.49866247177124
5080.0,5.889035224914551
5081.0,6.470222473144531
5084.0,5.741250038146973
5091.0,7.1450090408325195
5092.0,7.1450090408325195
5112.0,4.555219650268555
5121.0,5.061596870422363
5127.0,4.859302520751953
5133.0,5.498591899871826
5135.0,6.03899621963501
5137.0,7.418570041656494
5170.0,5.130510330200195
5187.0,5.977043151855469
5190.0,5.902815818786621
5198.0,5.2806267738342285
5200.0,6.471048355102539
5201.0,6.332767963409424
5204.0,5.109719276428223
5237.0,6.024735450744629
5248.0,6.077202320098877
5253.0,5.883483409881592
5269.0,5.112773418426514
5273.0,5.388607978820801
5280.0,6.563516139984131
5288.0,6.563516139984131
5302.0,5.918266296386719
5307.0,5.051904678344727
5310.0,5.918266296386719
5311.0,5.541627407073975
5323.0,6.28071928024292
5325.0,6.221321105957031
5332.0,6.436295986175537
5338.0,8.221549987792969
5351.0,6.015570163726807
5365.0,5.019207000732422
5367.0,5.7845354080200195
5370.0,5.610731601715088
5377.0,6.59593391418457
5378.0,7.592633247375488
5392.0,5.254234790802002
5398.0,5.7787322998046875
5413.0,6.031739711761475
5415.0,5.58156156539917
5427.0,6.322281360626221
5455.0,6.164276123046875
5471.0,6.186885356903076
5499.0,5.177987575531006
5501.0,6.362056255340576
5516.0,5.052648067474365
5523.0,5.069543361663818
5529.0,6.1657586097717285
5530.0,6.806155204772949
5533.0,5.928969860076904
5541.0,5.499399185180664
5550.0,5.036453723907471
5555.0,5.195888042449951
5557.0,5.476210594177246
5583.0,7.455908298492432
5599.0,5.748669624328613
5607.0,5.705597877502441
5636.0,5.450047969818115
5645.0,7.097083568572998
5649.0,7.958570957183838
5662.0,5.083800315856934
5673.0,5.298087120056152
5675.0,5.742185592651367
5680.0,5.945586204528809
5682.0,5.4184794425964355
5694.0,5.318613529205322
5705.0,6.590193271636963
5718.0,6.716442108154297
5720.0,5.228257179260254
5728.0,6.046233654022217
5736.0,5.183104991912842
5737.0,6.5106072425842285
5776.0,6.93263578414917
5799.0,5.8363213539123535
5801.0,7.193959712982178
5818.0,5.476995468139648
5823.0,7.244115829467773
5839.0,6.112066268920898
5840.0,6.929154396057129
5853.0,5.442141056060791
5859.0,5.968481063842773
5865.0,6.870729446411133
5873.0,5.815557956695557
5877.0,5.242626190185547
5882.0,5.979249000549316
5894.0,4.862262725830078
5917.0,6.944807052612305
5918.0,7.176760196685791
5925.0,5.426050186157227
5933.0,9.677445411682129
5935.0,9.677445411682129
5938.0,5.432281017303467
5949.0,6.570045471191406
5953.0,6.584587097167969
5961.0,6.968354225158691
5966.0,5.603281497955322
5974.0,5.858249664306641
5994.0,4.948000431060791
6001.0,7.024338722229004
6009.0,5.33716344833374
6021.0,5.936625957489014
6031.0,7.164115905761719
6035.0,6.442407131195068
6048.0,6.193085670471191
6050.0,5.390788555145264
6062.0,6.768239498138428
6067.0,5.3875555992126465
6068.0,7.218748569488525
6079.0,5.078607559204102
6080.0,5.166863918304443
6093.0,5.845710754394531
6103.0,5.308983325958252
6112.0,5.97406005859375
6123.0,6.078317165374756
6136.0,5.062315464019775
6156.0,5.3118672370910645
6174.0,7.269135475158691
6175.0,6.043474197387695
6186.0,6.417140007019043
6188.0,6.4358696937561035
6220.0,6.0336432456970215
6223.0,7.174341678619385
6224.0,5.246896266937256
6240.0,6.1583967208862305
6256.0,7.371986389160156
6264.0,6.7838521003723145
6287.0,5.920991897583008
6293.0,6.434698581695557
6300.0,5.538965225219727
6313.0,6.615797996520996
6314.0,6.027517318725586
6343.0,4.67471981048584
6348.0,5.585021495819092
6376.0,7.419995307922363
6383.0,5.274370193481445
6391.0,7.071220874786377
6392.0,5.243785381317139
6419.0,5.128993034362793
6439.0,7.543920516967773
6451.0,7.375049591064453
6486.0,5.606462478637695
6495.0,6.2299370765686035
